438681232272916480
438507569452032000
436898809713422336
435869866277343232
435849172307046400
435773260475543553
434090517316370435
430323779160379392
428209441163317248
425713808523292672
425705321001021440
422817074923065344
418044985938673664
403677718048276480
398450047542521856
380469084686544896
365555121217748993
355072260282920962
352898609890603009
350753888615399425
345300973897527297
341758594628329473
341758316915068928
341589848999743488
341589450398244864
337949558317404160
331845437118107648
331828080639348736
316727883383058432
314785768486879233
314437576276733952
311883162563276802
309680178202812417
309677449078267904
308959902557151236
308958844439105538
308629640208080896
304297955572211712
304043812244844545
303552899034779650
302186048090415104
302112622298427392
302108629702696961
302094152978558976
301820149521068033
301801640867033088
301801006419804160
301760739704717313
301758004565520384
301727758596333568
299614052085288960
298831428009988097
298818598892355584
298807333197320193
298806940098756608
298541002954780672
297189521529896960
295994619211157504
295917621222719489
293868475385004032
293577589870698496
293410994909237248
293126749338873856
292015129787252737
292014917454811136
291998873977749505
291910917258625025
291714932351840256
289766467581394944
289396905815977986
289126606935584768
289117067796426752
288294510428028928
286613673332576256
286466456932188162
283991095841529858
283971408172834816
283278674038497281
281799980828741632
281512283031605248
281478457815359488
280081200603856896
278369164962443264
276854397089230848
276787348245733377
276473931089735680
276029797635850241
275717409598496769
274664547988697089
438318730456485888
435903289700278272
435903017204711424
430354938145697792
425713226978836482
425707824396509184
425705619622858752
425368796988051456
423949874657116160
423898990485069825
423103811654127616
415507697111281664
398482417431769090
398449829321256961
392689579917983744
365554051561168897
365553382435471362
365468624959455232
355003794280554496
347358843283582977
347358566555996161
342736843504226304
341961603182374912
341605471117008897
326793641471381504
326432037848354817
323851614114967552
321325841793576960
319896894761488384
319502867989950464
319482986485653508
319482820009537537
319207702435885056
319206698701180928
317026098871402496
313690018919088128
307507150027104257
307143816727642112
307137489678770179
306489456138018816
304701460489326592
304627913368670208
303513804711538690
302429251867639808
302162172958605312
302131238645424128
301818711474573312
301818498353606657
301778402388615168
301757731537305600
301751983554064385
301465482580594688
301459685595312128
301441978401427456
301099050697113600
300991745783652354
300007134165336064
299342132429348864
299315471289810944
299314194090717184
299303474032672768
299281810486095872
299218845124677632
299001352326103040
298967536156938241
298879759184711680
298827286550040578
298820370016894976
298660438818844672
298660357382217728
298573483317796864
298550132432056322
298508586131288064
298493823254937601
298491822781640704
298490586032390144
297491345797419008
297487536098525186
297198859963207680
297065277445775360
296607140142014466
296350021039837186
296348397701586944
296328225712373760
296281765834801153
296272315489058818
296257456617693184
296125512508645377
296100700100890624
295995922414968832
295980248309317632
295942464852860928
295214090769539073
295209779243134976
294949927136661504
294849948690808833
294646652785025024
294646436409266176
294646251700486144
294646091331289088
294645603877670913
294645363153989632
294535353203847168
294497275265298432
294219027415461888
294218944510824448
294218779548848128
294194027857846272
293744471760334848
293584734175522816
293577894901456896
293500730340409345
293455970632359936
293172363653156864
292422527702163456
292421947726385152
292399646515544064
292016225863753728
291956987162398720
291948325245181953
291948050048512001
291913935291031552
291913629337534464
291697818354216961
291697763090042881
291648723660976128
291572430495965187
291571411946987521
291039420851843072
291037860532981760
291037593863352320
290895466235850753
289789244547928064
289766924303335424
289402522253287424
289399934619357184
289398827549597696
289398720540315650
289398314112270336
289389663582580736
289388640575057921
289388593179394048
289388300593156096
289193186381926400
289185497857810433
289181019540701185
289179482235994113
289106643038384128
289090394610884610
289090155619446784
289025440281161729
288674381016731649
287422902800879616
287331049376215040
287300761266843648
287300720284274688
287261941951512576
287036269756829696
286975493897592832
286975357830168576
286964247806754819
286617738263277568
286617490073743360
286613849220710400
286613492168019968
286612718356680705
285815272605093888
285809274272231424
284418260840112128
281934565566726144
281859275473686528
281858841874939906
281858614099070976
281490869603930112
281443197857701889
281438332901265408
281429931244802048
281415462892486656
281409195276918787
281052531566727169
280841504925315072
280840162450210817
280837840361897984
280759660032708608
280082031277400066
279610556565045248
279278995525206016
279277899398410241
279277116841930753
279277012768681984
278939306557571072
278910062754410496
278181342938820608
276863278452445184
276812802679771138
276791820430761985
276770432865144832
276431957372596224
276123493156941826
275819667736633344
275729614180077568
275729305068244992
275705017799942145
274883930300243969
274883573641797632
274665628831457280
274665489773510656
274663574134198272
423899180780638208
311886988099846144
301497855636549632
299316853539495940
298831144475062272
298540852849045504
294207976032571392
440521175391682562
439095464311275520
439045098936877056
439035579590647808
439034265456488448
438776165453406208
438723307861340161
438709337960091648
438699460437094400
438696279753768961
438682649217888256
438507782291988480
438414008295514113
438325519361126400
438315703972532226
438307661889552384
438094081340616704
438040628375478273
438008453378736129
438008049400176640
436908565714837504
436903257101721600
436898752180125696
436898531534573569
436623753901248513
436603860275044352
436552786570792960
436538719038742529
436164337455988736
435903556487360512
435865336210927616
435861378440511488
435861134231367681
435849822537400320
435827158791901184
435819784106557440
435811727393841152
434515462873817088
433993998823219201
433986679313936384
433654134466547712
433642396434173953
433630349747175424
433625603682496513
433621205145231360
433619546201546753
433295572275957760
433280281043161089
432934072629751808
432899813391073280
432887570880397312
432878654645760000
432874249808658432
432866979548897281
432866362080247808
431470958352662530
431441721981804545
431434030722990080
431431165908512769
431418485290196993
431168944959791104
431124234245373952
431070671582425090
430793547667623936
430737629533835265
430693578524725250
430405078441152512
430370185489289216
430358586934300673
430336821705179136
430329965020594177
430329594739048448
430329487692017664
430324327636942848
429293265100079104
429032460936941571
429018483410472960
428949038885388288
428926893744590848
428917769518596096
428906472697638913
428884669916925952
428586950522458112
428579900165877760
428545334164201472
428519182116745216
428198704277766144
428172895945097216
428155774968160256
427900101424472064
427829032894226432
426380575482445824
426348888467832832
426058373851652096
426013634787938304
426003964543262721
425752793115140096
425709348816314368
425702764304277504
425672094509068288
425664404634341377
425658225745080320
425619199524761601
425382739114594304
425333778676858880
425317343774777344
423933757742006272
423916696315785216
423898402661748737
423890479374032896
423874454947504128
423858199129624576
423840339485401089
423820418470797312
423600739290603520
423585450884726784
423567326508625920
423551921211715585
423533200426557440
423517900125650944
423498603848425472
423479381722267649
423463730077114368
423203412012855296
423170731195637761
423152548342542336
423142708723462145
423133471305760768
423118068017922049
423103681362284544
423101178021298176
422797380568616961
422778933071736832
422761817400549376
421658811997241344
421311317618597888
421310956220583936
420935891603824640
420664168778178561
420655920243150848
420589565116555264
403897615252615169
403881080257650689
403661346673147904
403645727684820992
403630130397868032
403618811795890176
403618447189229568
403611341488783360
403591164403539968
397742040512884737
393441119557517313
393415288315604992
393051817866567680
393030939351072768
392731674405916672
390937599549788161
390921027372322816
390906066235432960
390890079851249664
390869927835348992
390852972042678272
387470581534572544
380488625068056576
380411314889179136
380339954997403648
380068734364176384
380033466961645568
372817614721937408
369494310565060609
367292474655375363
365605737461858305
365585901033758721
365565661323345921
365550056629207040
365532858464485376
365517170140127233
365501364345905155
365485557981265923
364859905745752066
364842450767986690
364823513573502976
364804928964800512
364420489596252164
357871617478635520
357510855849558016
355487077627994113
355467375354724352
355416348970586113
355397400707334144
355379017756577792
355361867796971520
355324117404221441
355126083982606336
355106779157377026
355089111780032512
355054750036799488
355037922073903104
355021419643547648
355001323613196288
354984164816203777
354965799938703362
354738137509019652
354717946075025410
354658133693575168
354638598118711297
354622583569784832
354605049390956544
354350471760199681
354332020089946112
354313787400126464
354295065465729024
354279697766563840
354259757676244993
353295830234562562
352933808556879872
352914421602979841
352881539677298689
352865721266618370
352846713402310657
352828486932627456
352446386555465728
352444497742938113
350650023383539714
350634121107750912
350633333098688515
350614836738134019
350408085359177728
350392936510394368
350354786442424320
350335491700297728
350320391371227136
350300428291932160
350295583690469377
350268002169651200
350218039372943360
350217888059244544
349948244878565379
349944850117955584
349552073056067584
349538564826087424
349526835761131521
349233049231294464
349215711333318656
347382422243008512
347362543284678656
347357008560787456
347096754367385600
347064405772627968
347040145515626497
345595984283324416
345578606405242881
345339275342123008
345318979918774272
345284930642776064
345269523202596866
345250004522389504
345232237786185728
344976054122868737
344838631971770369
344539852991246336
344523201721794560
342040843428962304
341983011937587200
341964550024859648
341963481853091840
341758890368716801
341758111251566593
341710336421941249
341692789865738240
341674269153050629
341658421281562624
341638485704335360
341619176605089793
341601108327800832
341585699067285505
341306910206738432
339528890835935232
339509990043832321
339491167412551680
339471498530136064
339454915074199552
339439492211568640
337752469545304064
337641126708269056
337624245385433088
337606228358352898
337586320576757764
337234658687336449
334859486403645440
334848329764728832
334691362710630400
332548503320526848
332528281297510402
332213876491972608
332195389170143232
332177316077772800
331793001871446016
329837213028335616
329821597974294529
329806148461002752
329788617197248513
329771196130414592
329754185757237249
329734210443173888
329718608194306049
329701753828298753
329682010337587200
329156261784469504
329136495543848960
329118842657861632
329101840807514112
329084970826080257
329064986506829824
329046113439076352
329031105388883970
329012619170181121
328993391482372096
328227243484667905
327560176687263744
327541560675803136
327522800472584192
327506666390183936
327487194065408000
327467835557302272
327452295585488896
327435669276344320
327220851332227072
327203644569174017
327188554679742464
327170577779539969
327154430808043521
327135874859024385
326721862992293890
326394343973863427
326374900141002753
324226534321827842
324210946807562242
324158000552103937
323921823353958401
323857365466222592
323842227606519808
323826527064178689
322144333220417537
321684647257985024
321665351865741312
321307442996707328
319867880969740288
319850140888354817
319517025485606914
319206034851917824
319205464602730496
319204740607135746
319191171794616321
319136215058223105
318807898396438529
318792411142815745
317323098816917504
316621718829551616
316602830142185472
316602455066570752
316240851498070016
314453724674277377
314451836566388736
314418731033956354
314403567287025664
314386192701456384
314087347677446145
314071449168134144
314052272244019201
314036664156708864
313780142323425280
313759928571551745
313743335502262272
313728276344479744
313710185757691905
312295114900910081
312275029515726848
312240781362601984
312221555440644098
311981787167469568
311963823248654337
311895928552435712
311878467803287553
311579962677280768
311528747771756544
311497352680710145
311478435543396352
311459413720432640
311265801879560192
311228392672468993
311209694716899328
311194420869488641
311178112547299328
311169538538475521
309789287019319296
309773789053476864
309736946060644352
309698492744491008
309437443826929664
309420361567571969
309390598132080640
309390447585923072
309384334211690496
309384309209440256
309383781868003329
309368466828320768
309350037039771648
309083908887171072
309063747429859328
309009490731233280
308990748446060544
308974454615183361
308743066330750976
308742800298610688
308719351463305216
308703727219523584
308666210814406656
308610655374692353
308590184545529856
308432522302345216
307506984993820672
307266318539816960
307232523778396162
307216331294507008
307199652581748736
306916133481623552
306915963465506816
306911251798315009
306872084313825280
306858532681170946
306803407186980865
306784665828732928
306780009283080192
306573384953769984
306557812140539905
306488698000797696
306472510902394880
306457225940062208
306439271349358593
306135055502290944
306119637811216384
306084042938392577
306066145272791040
304988842782498816
304717630198128641
304701887305875456
304686745151213569
304649240712462336
304634147622752256
304619024506032128
304385000718098433
304374148191367168
304369166910111745
304350626178011136
304333849062678528
304317862091296768
304317373148708864
304301790214623232
304285788613529600
304266998068699137
303944716838383616
303929548062478336
303909560555544576
303892586144346113
303872422032072704
303671852746801152
303656633811214336
303639761728462848
303628756025745410
303606838019104769
303587778640371712
303568090451562496
303551710104784896
303531998323040257
302173900589125633
302166322178039808
302165062376898564
302154377228066816
302154227969564673
302124770307239936
302124234115796992
302106151485587456
302098404576743424
302095883737112576
302090219228889088
301919924698365953
301909744908656640
301861880346062848
301860217325486080
301840184742391810
301790673177292800
301773896871452673
301755067814514688
301734795942191104
301726041003683840
301472437156081664
301465677536055297
301459190352842752
301455154291564544
301451168410898432
301439267232694272
301419740352626689
301385493541695490
301351465199484929
301138585711702017
301118760046166016
301068943018303488
301033019723112448
301014746247880704
300993162292387840
300992837242212352
300991533669302272
299899709655498752
299653540664713216
299635575143669760
299619618308358144
299613335400370176
299583601782181890
299565593626046464
299557087778844672
299314349263167488
299309457752612864
299292615793319936
299276439071629313
299259758639210496
299240456116637696
299207447774646273
299192064015470592
299175635002216448
299158083123437569
299003469224886272
299001969748623360
298966246785957891
298950991296987136
298934121621757952
298912601839128576
298863175577788417
298843574206881792
298826298913071104
298824111227027456
298818983367426048
298638452751212546
298610920836444160
298590556878168064
298555768171544576
298540439328399362
298522535547527168
298507231173943296
298499150583046144
298486903513165824
298485872024756227
297105246591795200
297099260065894400
297087826460303361
297068098073272321
297050918254411776
297035180026236928
297016120861396992
296995050569748480
296816102330220544
296770405539139584
296721439556526082
296702389153579008
296686545304428547
296669897797271552
296654124810903552
296618731008847872
296610395207135232
296606867642273792
296472382124740608
296393356509061120
296383470610030592
296372316198301696
296351390224220160
296349542658502656
296349183726739458
296348628941938688
296335653489221632
296330367537930240
296315476596912128
296299407882743808
296282263786758144
296282182559862784
296259220951687169
296130004746641408
296127655076564993
296022679100739585
296005477232410625
295955202786349057
295940203967827968
295939888803635200
295939663468838912
295936989436465152
295916486504108033
295213635624640513
294645936213344260
294577949372448769
294574096321224704
294497848752476160
294480789775732736
294219073808646144
294202216078782465
294195443146047488
294195251143385089
294194843540922368
294184620461813760
294169477338259456
294155327870496769
294151770089852928
294114816891695104
293803918553649153
293786604143775744
293769469845729280
293736618295181313
293583323090018307
293583119112605697
293582856977002496
293582378532761600
293582210861264896
293577062357286912
293522382541447168
293501737787080704
293501348782161920
293439809324740608
293411367585710080
293406301902479360
293405000053440513
293379031729070080
293374620600512512
293357917632086016
293342781827584000
293171443863281665
293171269862559744
292421767736205313
292421465624702977
292421156403814400
292397378382725121
292328644431474689
292058403587620865
292039761684725760
291999163384733697
291998990776557568
291991701353033729
291952866795585536
291933722352173056
291916426304946176
291715825294012417
291715534754545664
291708132927885313
291691763792506880
291673191900917760
291653577582190593
291634256906711041
291618189589241856
291598005646282752
291578286432202753
291558115214774274
291554080608903168
291263080363597824
291243800834224129
291227554227032064
291207970287648769
291190135230455808
290986536579760129
290966557444698112
290929491612663808
290909335524110337
290894785068298241
290892367781847040
290874321658843138
290858978815127552
290209720344657921
290148686334414848
289766663400857602
289507857144115200
289495242934218752
289444513724919809
289429304843046913
289413925240467456
289398175968686081
289396566593241088
289393651761692672
289388419048677378
289186128819535872
289185948124708865
289185701776474113
289180813893971968
289065453911932930
289045293603905536
289027960114126848
289015956594909185
288789648870866945
288774537573707776
288755341313851392
288723958726000642
288720462492606465
288702545164124160
288684619891613697
288672997240360961
288647310127280128
288368122401009664
288350120175607808
288333843612704768
288314642789457921
288309464438829057
288303659719196672
287296438730383360
287277087948161025
287258075512053760
287242506578579457
287227582829690881
287032321218080768
287031787291557890
286964949761265665
286962775429873665
286943865162838016
286923578413293568
286890200221745153
286872668609859584
286614381381423104
286612640355196928
286611569251581952
286589125749002240
286569392966348800
286536906253160449
286521464469983232
286505224221384704
284405534893936641
284389372638408705
284373187398082560
284356780048404480
284341243356524544
284321550461702146
284302357813133313
284078438275485696
284063083314425856
284045520790503424
284025719959465984
284010217103052800
281861006433595392
281860671740715008
281860423710543873
281859052391239681
281802440368611328
281800411348869120
281512343479934976
281511015957532673
281478966940950528
281477954213650433
281437403267358720
281415362745081858
281415040052129792
281414761374175233
281413551447490560
281412820891996160
281409139215835136
281408387688841216
281159361844355072
281158890933084160
281101970088001536
281057261382684672
280845910878060544
280830471078805504
280813037747855360
280801517345312768
280796767451234304
280777695053348866
280762368739405824
280747321694756865
280729883523563520
280712375517192192
280087962631421952
280081822531080192
279287909218148353
279280379679096832
279274424878899202
278979052986044416
278959835624652800
278944359016173569
278926155971706880
278905970778861568
278887251314884610
278643245918085120
278627057892720640
278242211446026240
278207522026962945
278204029467774976
278192475494035456
276863741830782977
276857782135820288
276836826499674112
276821019753324544
276800365129760768
276780051037573120
276763784209653760
276763641548771328
276762729128284160
276743697142530048
276730656556449792
276431027738652675
276420274260422656
276123583779061760
276103228553297921
276093547273396224
276086636775895041
276070822962143234
276054036619337728
276037697880092674
276030773381959680
276030077169446912
276028352366788608
276027979442831360
276021321022984192
275778301153378304
275759284539760641
275742297939931136
275732718870994944
275724602808877056
275705313905229824
275687111926104064
275670718568607744
275654281472921600
274664233835323392
274663854728949760
437993477880549377
434015332735266816
430328962103799808
429032548128157696
428994530457575425
428917574588321792
428906596203102208
426030540286726144
425705820429357056
425702259968573441
425697938128392192
425382727127273472
423898723626651648
423884285745967104
423554346693820416
423103302373367808
418078030263640064
403693159437180929
403619242332803073
390927441276833792
380701024127696897
380449330814922752
380429948852269056
380391172385947648
380373757757374464
380358642072952832
380358182649856000
380125345648627712
380109150845300737
380088809448161280
380053046597660672
380014684398567424
365654893626789890
365299624682078208
364752181838094339
355449747131211776
355432257860796419
354988184268050435
354988022946734082
354972480168935426
354697806310670336
354677704823554048
354439030949150721
354438879199244288
354436596394754048
354436465050128384
354436160354918402
354277652795887617
354245758138056704
352951140570251264
351099937037090816
350769789217685504
350738093852200961
350719926513844226
350704743494074368
350684903119126529
350669215851745281
349217249887928320
342736690777047040
342042272180891648
341679580861591553
341307192735064064
337951282994225152
337950607845519360
337259307664023554
337234474557399041
337219704546529282
337219605271556096
337219254787141633
337218907469402114
337218816616566784
334865005793132544
334848184960573441
332512663970140163
331825247340883969
331807956091936768
331793776504881152
327784905599762434
327618336194174977
319519465484210176
319217010846355461
318929828449509378
318928945384927232
317337801886679041
317026022698663936
316727826730606592
316605537628348417
315964832534892544
315963740828880896
315947300163813376
314794055789838336
314567407744192512
314507438361550849
314135846506864640
314127959969636352
314116765351301120
313763833137221632
312234477059457025
312230400523132928
312230299809509377
312229586798796800
311882980417228800
311513019148550144
311166923150860288
309407122477707264
309350226571968512
309091681079275520
309042982512910336
309035110311800833
308960180626935808
308959659862159363
308959477787422721
308959250007347200
308959018926362624
308694430767017985
308694281080676352
308649368012083201
308604778311741440
308603225295163394
307248957929684992
307157515936870401
307137602631393280
306620562338349057
306611979085307906
306577598903877632
306559601778765824
306559398556340224
306542265323634688
306516121169850368
306460371894546432
304765302439280640
304317584331915267
303981625904091136
303874460933566464
303853967258034176
303556639028551680
303553080966930433
303545669916975105
302465538150526976
302179476526219264
302166410241650688
302098961802620929
301760569839583232
301752055079518208
301488178093756417
301460204812394496
301459352244584449
301361266214191105
301357199626739712
301084066281820160
301057960895991808
301051034845986816
301022675499892737
299726046750720001
299620139287068672
298845248258469888
298664027926700032
296771939647778816
296302632157446144
296284089265311744
296282477692063744
296257504227246081
296007828156588032
295993975259672576
294195616484036608
293583478530924544
293562332041334784
293405840499675136
292076157556367360
291987138742980608
291648894062981120
291628980782657536
291628922041430017
291621365319102465
291582484737572864
291570783564754944
290947673958252545
289877046866362369
289875139187847168
289812664530636800
289792046363975680
289789666276814848
289193225267326978
289186519195983873
289186447980900352
289178985160663040
289127760205594624
289026443218923520
288310657928028161
287254056764850176
286524027504300032
285801851591471104
284326130658459648
284324782567215104
284011740520382464
283968534856491008
283279947009773568
283279184422387714
283278938569064450
281801971739017217
281462607855116290
281446023346393089
281445507501522944
281444845191585792
279706575281741826
279610278725947393
279333324076503040
278223296015785984
277167191160389632
277083325246631936
276001602291249152
275728747309719552
275710718869897216
274666525934383106
274644113167638528
274639523219120128
