438681232272916480
436898809713422336
435773260475543553
434090517316370435
428209441163317248
422817074923065344
418044985938673664
398450047542521856
380469084686544896
355072260282920962
352898609890603009
350753888615399425
345300973897527297
341589848999743488
341589450398244864
331845437118107648
331828080639348736
316727883383058432
314785768486879233
314437576276733952
311883162563276802
309680178202812417
308959902557151236
308958844439105538
308629640208080896
304297955572211712
303552899034779650
302112622298427392
302108629702696961
302094152978558976
301820149521068033
301760739704717313
301758004565520384
299614052085288960
298831428009988097
295917621222719489
293410994909237248
291714932351840256
289126606935584768
289117067796426752
288294510428028928
283991095841529858
283278674038497281
281799980828741632
276854397089230848
275717409598496769
437993477880549377
434015332735266816
430328962103799808
429032548128157696
428994530457575425
428917574588321792
428906596203102208
426030540286726144
425705820429357056
425702259968573441
425697938128392192
425382727127273472
423898723626651648
423884285745967104
423554346693820416
423103302373367808
418078030263640064
403693159437180929
403619242332803073
390927441276833792
380701024127696897
380449330814922752
380429948852269056
380391172385947648
380373757757374464
380358642072952832
380358182649856000
380125345648627712
380109150845300737
380088809448161280
380053046597660672
380014684398567424
365654893626789890
365299624682078208
364752181838094339
355449747131211776
355432257860796419
354988184268050435
354988022946734082
354972480168935426
354697806310670336
354677704823554048
354439030949150721
354438879199244288
354436596394754048
354436465050128384
354436160354918402
354277652795887617
354245758138056704
352951140570251264
351099937037090816
350769789217685504
350738093852200961
350719926513844226
350704743494074368
350684903119126529
350669215851745281
349217249887928320
342736690777047040
342042272180891648
341679580861591553
341307192735064064
337951282994225152
337950607845519360
337259307664023554
337234474557399041
337219704546529282
337219605271556096
337219254787141633
337218907469402114
337218816616566784
334865005793132544
334848184960573441
332512663970140163
331825247340883969
331807956091936768
331793776504881152
327784905599762434
327618336194174977
319519465484210176
319217010846355461
318929828449509378
318928945384927232
317337801886679041
317026022698663936
316727826730606592
316605537628348417
315964832534892544
315963740828880896
315947300163813376
314794055789838336
314567407744192512
314507438361550849
314135846506864640
314127959969636352
314116765351301120
313763833137221632
312234477059457025
312230400523132928
312230299809509377
312229586798796800
311882980417228800
311513019148550144
311166923150860288
309407122477707264
309350226571968512
309091681079275520
309042982512910336
309035110311800833
308960180626935808
308959659862159363
308959477787422721
308959250007347200
308959018926362624
308694430767017985
308694281080676352
308649368012083201
308604778311741440
308603225295163394
307248957929684992
307157515936870401
307137602631393280
306620562338349057
306611979085307906
306577598903877632
306559601778765824
306559398556340224
306542265323634688
306516121169850368
306460371894546432
304765302439280640
304317584331915267
303981625904091136
303874460933566464
303853967258034176
303556639028551680
303553080966930433
303545669916975105
302465538150526976
302179476526219264
302166410241650688
302098961802620929
301760569839583232
301752055079518208
301488178093756417
301460204812394496
301459352244584449
301361266214191105
301357199626739712
301084066281820160
301057960895991808
301051034845986816
301022675499892737
299726046750720001
299620139287068672
298845248258469888
298664027926700032
296771939647778816
296302632157446144
296284089265311744
296282477692063744
296257504227246081
296007828156588032
295993975259672576
294195616484036608
293583478530924544
293562332041334784
293405840499675136
292076157556367360
291987138742980608
291648894062981120
291628980782657536
291628922041430017
291621365319102465
291582484737572864
291570783564754944
290947673958252545
289877046866362369
289875139187847168
289812664530636800
289792046363975680
289789666276814848
289193225267326978
289186519195983873
289186447980900352
289178985160663040
289127760205594624
289026443218923520
288310657928028161
287254056764850176
286524027504300032
285801851591471104
284326130658459648
284324782567215104
284011740520382464
283968534856491008
283279947009773568
283279184422387714
283278938569064450
281801971739017217
281462607855116290
281446023346393089
281445507501522944
281444845191585792
279706575281741826
279610278725947393
279333324076503040
278223296015785984
277167191160389632
277083325246631936
276001602291249152
275728747309719552
275710718869897216
274666525934383106
274644113167638528
274639523219120128
