439759756723355650
439655510028341248
439648715058327552
439645754798243841
439644878029336576
438917520397844481
438915042444996610
438913334096572417
438869227529719809
438868586442915840
438866148143030272
438866079838789632
438865438437801984
438864257489182721
438863802956668928
438863086540189697
438857793806692352
438857280654548993
438857153126752256
438856449247027200
438856391881551872
438852844343422976
438852190015197185
438849770455449600
438848679395328000
438847985569394688
438845643033829377
438845420219805696
438840714869227520
438831738676973568
438670690980343808
438669995938037760
438558929061040128
438545095797649409
438515627834105857
438404266399502336
438362396843732993
437810225060392960
437676022490595328
437672948342595584
437671707323535361
437667340537184256
437660955149729792
437659969307951105
437655099297394688
437652859861999616
437651854520893440
437650323474092032
437645862114557952
437398949419180032
437397137886683136
437321095142588416
437318307503288320
437311292336906240
437311086727925760
437275907468693504
436915823223898112
436756276526067712
436741296414138368
436721041826533377
436720495522623488
436718836897677312
436718257416847361
436714138107011072
436713845596241920
436713520881602560
436712599787294720
436702177138970624
436701978492563456
436701639529869312
436699577014448129
436696756806381568
436684679433818113
436684140130209792
436598362154881024
436590051401531392
436252668256722945
436251443205382144
436250060980908036
436235245755437056
436227062794186752
436012426681520128
435993367118221313
435901491849613312
435879829737447424
435879721029869568
435875710083661824
435875637174091776
435875016500977664
435874563180617729
435872660178739200
435871003147644928
435654207584993280
435652263533490176
435652136160862208
435207967672000513
433055938224746496
432988737023139840
432963049775837184
432962823627350016
432811738291908608
432805471179636736
432789059040067584
432786786356428800
432765702139699200
432762959744356352
432750426337734658
432717887350898688
432648142861770753
432628963307823104
432627081583673344
432609200900812801
432602650379427840
432602248095346688
432577980200521728
432575801662255105
432575746645569537
432568962505646080
432561125024989184
432558713774166016
432557104268705793
432549407376949248
432321439920705537
432314408593670144
432307203916054529
432306714432372736
432202306054926338
432181202024292353
432179656771395586
432176298262155264
432172637557510144
432155227349737473
431677517875777536
431650884607434753
431570726198317056
431566155413594112
431469350839525376
431461116430938113
431460827233677312
431457159033810944
431315487796903936
431296973237682178
431249784025128960
431247071019278336
431246872800677888
431246345614401537
431245860043632640
431244768145068032
431059504818434048
430972001604210688
430968320905322496
430967180415365120
430966174990340096
430918514224816128
430907761015009280
430904429919739904
430904259807158272
430903249705529344
430894942362144768
430892272461172736
430888715842355200
430886872361877504
430886821640146944
430886087888613378
430885977356107777
430885537000349696
430879853110255616
430877922098823170
430875877123973120
430874964284014592
430874590659612672
430869772574535680
430869667972780032
430800394499809280
430798495361298433
430754129086906369
430745428024250371
430745391521202176
430745361167028224
430732644007960576
430730784832356352
430725992534274048
430719841025011713
430569622920650752
430568799041884161
430561703265595392
430561350427750400
430458695621685248
430452652976005120
430452029593370624
430324083771719681
430229033394003968
430227620186185729
430227301414879233
430226442039750657
430224701130940416
430215909202853888
430213182339031040
430211339017920513
430210824716574720
430209694330650624
430209488897843200
430208858951127040
430208295509319680
430207863986733058
430091894635237377
430062327937785856
430052496326033408
430052395112878080
430042252451545088
429835595826102272
429828021890326530
429826979773558784
429826597903142912
429822200737464320
429818104559190016
429810366395457536
429809489504911360
429806419656048644
429805280210460672
429805245913661441
429802975834701825
429801208652787714
429800903491989505
429799405894774784
429798823289188352
429798709900378112
429798415560880128
429787949652508672
429787897332772864
429787786158555136
429786851113979904
429785112574984192
429784956974673920
429782887634722817
429781117294501888
429777756314796032
429774387516956673
429772648919203840
429761431085391872
429761155704172544
429760564865150976
429759859106385923
429674517376425985
429647443899060224
429637100627963904
429620999500226560
429485427758624769
429477747019100160
429474497503055872
429470992671309824
429470356730961920
429468283058667520
429459885558755328
429458265554944000
429413178947022848
429363147082719235
438507569452032000
435869866277343232
435849172307046400
430323779160379392
425713808523292672
425705321001021440
403677718048276480
365555121217748993
341758594628329473
341758316915068928
337949558317404160
309677449078267904
304043812244844545
302186048090415104
301801640867033088
301801006419804160
301727758596333568
298818598892355584
298807333197320193
298806940098756608
297189521529896960
293868475385004032
293577589870698496
293126749338873856
292015129787252737
292014917454811136
291998873977749505
291910917258625025
289766467581394944
289396905815977986
286613673332576256
286466456932188162
283971408172834816
281512283031605248
281478457815359488
280081200603856896
278369164962443264
276787348245733377
276473931089735680
276029797635850241
274664547988697089
439898729139552256
439849717971705857
439847272554049537
439847064558510080
439836874564071424
439836705361653760
439807496538968065
439807453438296065
439537310049128448
439261996223967233
439249901776412673
439249479942680576
439245494355632128
439242392915304449
439214689642242049
439212531635068928
439064819925131265
439064435185836032
438905857716137984
438518983868686336
438097257728974849
437819540307582976
437746496679604224
437744769695895552
437743508984573952
437729300729434112
437524244126130176
437523262231154690
437522288129224704
437520669757026305
437519370940473345
437514117683765248
437513782303027200
437513064204627969
437512825812946944
437512237830254592
437478695532380160
437428843846975488
437317457020059648
437291305987633152
437258408303931393
437251958768820224
437111897423216640
437069724208209921
436707778359332864
436707708356423680
436707612478824449
436350670845648896
435988442795614209
435981802428063745
435617458322280448
435219023219785728
434986175640514561
434986075514085376
434985780558045184
434985168336470016
434984782397575168
434984502314536961
434984299637374976
434984146511740928
434983852423913473
434983757645238272
434979422123225088
434978936909344769
434978783695630338
434977112110276608
434823578135982081
434814541281497088
434814130902425601
434812727479910401
434776519114629121
434775606098530304
434534054549917696
434498942860939264
434143600201318400
434130253837918208
434105144225968129
433834711610191872
433819986134450177
433084028267159552
433042032399888385
432769329076006912
432767958545211392
432767130837467136
432765859962970113
432763905455042560
432761371290136576
432761120894365696
432757853581889537
432751745626681344
432744261428060160
432704260258533376
432700580369145857
432700496676024320
432645928999059457
432645717417414656
432644782637064193
432644744783462400
432643033692004354
432642913713930240
432611238724390913
432584194162581504
432574053992255488
432573229157203968
432572874314895360
432572411519586304
432571996585476096
432571500592259072
432571176439648256
432569958371823616
432568694485422080
432425072536465408
432355287878467584
432341262444658688
432340208722247680
432258685570535424
432257826149240832
432227029862203393
432218599411834880
432216986735501313
432213759348580352
432202467393032192
432029335948505088
432028752390791168
432028689497194496
432028404330663936
432028051258363904
432027690124591104
432027498579107840
432026905198346240
432026786688286720
432026604219293698
432026447784337409
431985342564950016
431971582156627969
431959681490092032
431945718454972416
431888329043218433
431878605732200448
431878454628188160
431875065865445376
431875005324877824
431857371044802560
431856059213299712
431854911416848384
431843901838610432
431840713853001728
431840477210357760
431836504550162433
431829869974921216
431829231983529984
431687104637054976
431686187875454976
431676139250020353
431669398961528833
431668677260214272
431664968975400960
431663721039933441
431658855022338048
431638658236420096
431636909190701056
431636224923541505
431633844282736641
431633439767265280
431632462070816768
431631157612924930
431630743370858497
431630383356993537
431629830598062081
431628266743410688
431627808213721090
431627089251274752
431626559657484289
431626358507073536
431626081909497856
431625423600898048
431624849543270400
431618833619496961
431618308354220033
431617269815181312
431616901102317568
431616816784240642
431616572969320449
431615882448478208
431576104348835840
431294094149955584
431293530980753409
431292515824992256
431277862922895360
431277509167312896
431271850128465920
431248071159062528
431206679875551232
431205832902971393
431205290394910720
431204988396634113
430925950964871169
430890652264443904
430567404242874368
430540707774750721
430506685459734528
430504826133159937
430504459550982145
430496200081428480
430495018982195200
430494766539620353
430493753615196160
430492269938880514
430491295958581248
430490759804903424
430490527713071104
430367471753654272
430351210655121408
430157274372247552
430156475843878913
430155002082893824
430154602483159042
430153935563681793
430135720162779136
430134092894834690
430133401371168768
429875095100600321
429864945136570369
429845167269359616
429790492432547841
429783147425710080
429782243062472705
429484729000148992
429476944690688000
429470412234174464
429463858726449152
429462609151012865
429456868553945088
429320429409292288
428701017195032577
428674929051975680
428671734137360384
428365544782168064
428335287551283200
428039812138811392
428037848659263489
428036341675606016
428033391850569728
428032419334078464
428031144106274816
428030587794759681
428027737316392960
428027553354223617
428009075993870336
427991871642542080
427696849252663296
427660552890884096
427660300762890240
427659985527390208
427633875959820288
427604297702850560
427584800363261952
427584725947908096
427584449887215616
427583070217064449
427557086235357184
427556703496728576
427544090880643073
427542977821421568
427542670945157120
427541679449452544
427541588273680385
427535603169624064
427534834760556545
436704851590782978
433100081651146752
433099981369536512
433093912643649536
433091679063531520
433089768541286401
433089538752126976
432585785397633024
431424966064484353
431241679777984512
426197746882596865
425757936476909568
425750414454050816
425436282018230272
424698496906567681
424226374853746690
423533349999616000
423307647698231296
422879106011652096
422608765989298177
438715343943393280
437817886111850496
436713378870865920
436705512441126913
434184320698159104
434179551992635393
433792684696690688
433103571475636224
433103504693944321
433103454790098944
433102760058163200
433102696157937664
433099565722370048
433099445136150529
433098752740442112
433098387613691904
433097378854227968
433096374335197184
433096341703491584
433096179828547584
433094423161757697
433093051980840961
433092071570673665
433091976443883520
433091330684628993
433090752743096320
433090358348480512
433090124797050881
433089812296253440
433088967819264000
433088440662380544
433086170273042432
433045555342610432
433038563848900608
433038250219814912
433038015137476608
433037842776731648
433006297932242944
432589632723636225
432586272750583808
432586038985236480
432585240960172032
432584969928454146
432578591381934080
432577862634188801
432577269056290816
432577003363893251
432575338086813697
432563963251785728
432563715469094912
432563069617573888
432422064033497088
432412489343447040
432023715195281408
431424877489184769
431244179813838848
430544901366104066
430532148303376384
430527713225363456
430491806401171458
430490182786093056
429456556078288896
428694316383342592
428619998857162752
428397025608990720
427716284453621760
427685681993768960
427651055808036864
427523140025987072
427501788548173824
427305004651642880
426391554425495552
426209491986563072
426209050171146240
426191291152486400
426190155251068928
426089870159650816
426089771698356224
426089598586855424
426089436284080130
425820145844375553
425770811245334528
425493567386042368
425487385413967872
425440301662994432
425438878753775616
424717144434020352
424457243438764032
424301603324063745
424219535382544384
424218963124310016
424218219000238080
424034306361929728
424030294270685185
423543383236177921
423542836697366528
423536655845183488
423534735676030976
423534517161181184
423534198972882944
423532970691944448
423514495789449216
423513478830112768
423465548546981888
423465126008602625
423338618136961024
423225805003448320
422959433983852545
422959356129185792
422948888140460032
422941767449591808
422941493515386881
422850108137275392
422849372397658112
422314879962206208
422295869010878464
422291173357527040
422291001256861696
437825101963087872
437817721799983105
436712118868381696
436706771449544704
436368455726419968
434203459252789248
434200005507686400
434174909388836865
434171651781951488
434171143461675008
433820800173355008
433820370760507392
433817555774365696
433105732817285120
433101980521607168
433101187336777729
433100895719403520
433100524166995968
433098150463541249
433097628805369856
433095502918197248
433095075032080384
433092798854623232
433090834968215554
433075121759072257
433070198619250688
433069812592283648
433064470982565889
433059150818336768
433046226141843456
432607896417746945
432589071488000001
432588609053401088
432588316571996161
432587930859622401
432587304087982080
432578417267974144
432573280566792193
432422758987743232
432420020610543616
432413052638478336
432410731389009920
431624668030980096
430718003265552384
430582037888507904
430545411179163648
430542652639956992
430541837162389506
430530745845559296
430530120957194240
430525956877328384
430496838446088192
430496268658278401
430494715880800256
429025463629922304
428692864369840128
428691102342725632
428650452540862464
428598287759708160
428403194842988545
428394333968932864
428391904418353152
428173302327017473
427995564068708353
427989132510392320
427854136147591168
427698524927434752
427698107438993409
427651903527194625
427638265944883200
427305478071152640
426801788151291905
426794025249538048
426791803107307521
426755970497122304
426722137362014208
426717832655556608
426627631027453952
426382092952272896
426380902692696064
426207960625188864
426207701685637120
426206868180967425
426202542033211392
426202054780919809
426197829602643968
425784058354745345
425783264666591232
425781688342282242
425781377816993792
425780964736782336
425780369921552384
425780123799810048
425770635294302208
425770489210875904
425769457730846720
425757808416419840
425752304302559233
425748486462521344
425744643246919680
425743684412252160
425723453346304000
425500739167715328
425488277009727488
425486604686209024
425486475765895169
425483996504420352
425483259078639616
425481389291470848
425456425188347904
425454167281258497
425342796283654144
425341851378274304
424961074933157888
424944621630672896
424699974614392833
424035139862032384
424034528240209920
424013592032079872
423885365233995777
423602809842319360
423572975124639744
423559291908272128
423545075625246720
423542554953392129
423536480602963969
423536282619240448
423535696242950144
423535069244833792
423533798764974080
423532655565484032
423530409209516032
423529880953683968
423528038635016193
423526534092029952
423523294617550848
423518783421296640
423518393631653888
423518112428748800
423517614183161856
423516769462927361
423513728248598528
423508450610405376
423479885680496642
423478735191281664
423477994854690817
423476257783701504
423349407497457664
423306811811188736
423241052523200513
423240699484442624
423239371173531648
423227579877703680
423221517707530240
422964314505375744
422950027330211840
422947757276418048
422939634700521472
422938776122306560
422937248196067328
422913994995683328
422905151603503105
422868422804774912
422866204710023168
422851448682987521
422849830180757504
422848166975635456
422847473485221888
422841507310100480
422798971736563712
422771804344573952
422609636651302912
422609023997722625
422608618890870786
422552986976391168
422551409964236800
422551228803862528
422549238967316480
422439436014481408
422432496408481793
422315099575959552
422302423261011969
422299913318191104
422299377810427904
422298899550707712
422298495244976130
422291600602324992
422290588528959489
422289662112043009
422288523060723712
422287736351903744
422285755738636288
422284958179135488
422284716666920961
422283010658942977
422282443970707456
422281703994822656
422280492210085888
422280315545976832
422279677734948864
440252136392118272
440238852662243328
439812575333605377
439811749194108928
438806960561856512
438787767275749376
438465102006603777
438022720815513600
438005281398595584
438004134977871874
437999749468143616
437999639891939328
437997262824697857
437992581993988096
437855249580056577
437854599597158401
437853403268403200
437843989790588928
437833591003705344
437823381434404864
437715895125680128
437676831529910272
437652759068676097
437484638441709568
437483160691949568
437323284590247937
437320526411730944
437319448672759809
437270807199236096
436780876974665729
436730464032653312
436550563656781824
436426212370432000
436404463402618881
436383605145624576
436042460012097536
436040496247361536
436040118818717696
436035736131743744
436014839740133376
435975766241587201
435973831727923200
435973375182118912
435644542792916992
435514555834171392
435497058024185856
435473837145063424
435449592130199552
435448992747384832
435325759360483328
435324965324214272
435324429594144769
435323396159582208
435319334613708800
435319248085217281
435317975931834368
435308127777341440
435301636303380480
435282996594081792
435199168244510720
435196387651616768
435177239961817088
435167848462155776
435138772959653890
435095750792331264
434780254800846848
434762788209041408
434539376136036352
434465311501193216
434176126529699840
434145091519664128
434144094890098688
433843884964069376
433837583336882176
433636515726360576
433425442385575936
433293815391068161
433048643008856064
432767490142130176
432761698865266688
432749386997567488
432712738075193344
432390290398134272
432289962059235328
432288711661723648
431870992067997696
431823144232296448
431325467883208704
431274812254994432
431272887618920448
431264203102765057
431251277494759424
431221341480443904
431127149970345984
431124970895179776
431124400453070848
431103504611307521
431103365515591681
431083914652688384
430946993246986240
430941586524893186
430925164025352192
430829210433617921
430822298732351489
430736340221562880
430579388497670144
430493880480325632
430442629105348608
430440250746220544
430402431038414849
430402255884263424
430385199319224322
430383039265271808
430382755013079040
430382642366656512
430208874948206592
429880668265275393
428698181954580480
428695686389833729
428694904865185792
428567899234529281
427916606258167808
427484375949639680
427385718134951936
427384888904273920
427380705832607744
427375527104499713
427370995532320768
427370718196559874
427366596684697600
427366517961809920
427364708379676672
427364371895840768
427364121680412672
427363879320973313
427363661015818243
427363081329442816
426928790460043264
426851528805081088
426850804205506560
426847686524825600
426846841754238976
426610333906522112
426024725370789888
425355030724485120
425354948188966912
425152406498713601
425098435541233664
424983622852943872
424972163423031296
424289580011888640
424227277254062080
424221168288030720
424220987215724544
424214446290923520
423993978040504320
422857699164831744
422848449487183872
422734945576964097
422631288135114752
422598562216554496
422594961037475841
422457783158464512
422457261714202624
422415983748198400
422196898548551680
420577501169975297
420461367372431361
420016018509922305
419928481149886464
419684943581552641
419611151509372928
419605336517910528
419603192830115840
419547830449995777
418336868866875392
418085073594744832
418076222258565120
418071120449789952
438318730456485888
435903289700278272
435903017204711424
430354938145697792
425713226978836482
425707824396509184
425705619622858752
425368796988051456
423949874657116160
423898990485069825
423103811654127616
415507697111281664
398482417431769090
398449829321256961
392689579917983744
365554051561168897
365553382435471362
365468624959455232
355003794280554496
347358843283582977
347358566555996161
342736843504226304
341961603182374912
341605471117008897
326793641471381504
326432037848354817
323851614114967552
321325841793576960
319896894761488384
319502867989950464
319482986485653508
319482820009537537
319207702435885056
319206698701180928
317026098871402496
313690018919088128
307507150027104257
307143816727642112
307137489678770179
306489456138018816
304701460489326592
304627913368670208
303513804711538690
302429251867639808
302162172958605312
302131238645424128
301818711474573312
301818498353606657
301778402388615168
301757731537305600
301751983554064385
301465482580594688
301459685595312128
301441978401427456
301099050697113600
300991745783652354
300007134165336064
299342132429348864
299315471289810944
299314194090717184
299303474032672768
299281810486095872
299218845124677632
299001352326103040
298967536156938241
298879759184711680
298827286550040578
298820370016894976
298660438818844672
298660357382217728
298573483317796864
298550132432056322
298508586131288064
298493823254937601
298491822781640704
298490586032390144
297491345797419008
297487536098525186
297198859963207680
297065277445775360
296607140142014466
296350021039837186
296348397701586944
296328225712373760
296281765834801153
296272315489058818
296257456617693184
296125512508645377
296100700100890624
295995922414968832
295980248309317632
295942464852860928
295214090769539073
295209779243134976
294949927136661504
294849948690808833
294646652785025024
294646436409266176
294646251700486144
294646091331289088
294645603877670913
294645363153989632
294535353203847168
294497275265298432
294219027415461888
294218944510824448
294218779548848128
294194027857846272
293744471760334848
293584734175522816
293577894901456896
293500730340409345
293455970632359936
293172363653156864
292422527702163456
292421947726385152
292399646515544064
292016225863753728
291956987162398720
291948325245181953
291948050048512001
291913935291031552
291913629337534464
291697818354216961
291697763090042881
291648723660976128
291572430495965187
291571411946987521
291039420851843072
291037860532981760
291037593863352320
290895466235850753
289789244547928064
289766924303335424
289402522253287424
289399934619357184
289398827549597696
289398720540315650
289398314112270336
289389663582580736
289388640575057921
289388593179394048
289388300593156096
289193186381926400
289185497857810433
289181019540701185
289179482235994113
289106643038384128
289090394610884610
289090155619446784
289025440281161729
288674381016731649
287422902800879616
287331049376215040
287300761266843648
287300720284274688
287261941951512576
287036269756829696
286975493897592832
286975357830168576
286964247806754819
286617738263277568
286617490073743360
286613849220710400
286613492168019968
286612718356680705
285815272605093888
285809274272231424
284418260840112128
281934565566726144
281859275473686528
281858841874939906
281858614099070976
281490869603930112
281443197857701889
281438332901265408
281429931244802048
281415462892486656
281409195276918787
281052531566727169
280841504925315072
280840162450210817
280837840361897984
280759660032708608
280082031277400066
279610556565045248
279278995525206016
279277899398410241
279277116841930753
279277012768681984
278939306557571072
278910062754410496
278181342938820608
276863278452445184
276812802679771138
276791820430761985
276770432865144832
276431957372596224
276123493156941826
275819667736633344
275729614180077568
275729305068244992
275705017799942145
274883930300243969
274883573641797632
274665628831457280
274665489773510656
274663574134198272
436358060823425024
435987960807178240
434949049041440768
434927905475293184
434927852954218496
432768169313202176
431861397547261952
431302756368793600
426524552928043008
426094496636346368
424249035814223872
422074725490114560
420244301675638784
416376401457987584
411897685344387072
400748108864180224
439422517325733888
439422406210621440
439419811626774528
439419236608270336
439418864628432896
439418757052911616
439417995094679552
439417856879759360
439417646967447552
439401653427380224
439389994147274752
439148463494660096
439072369949167616
439067249370886145
439066448086843393
438906589157019648
438905909528363009
438905475791212545
438905108156272640
438904171962445824
438901634878672896
438894655262834688
438119748455251968
438074618713096192
438049315458543616
437952870537629696
437333638972456960
436966644204974080
436963995811983360
436903619007238146
436893168337174528
436634556402114560
436561214312030208
436550359654227968
436534611129016320
436347203003498496
436346989241176065
436331150231863297
436324700109537280
436319577102753792
435943916546711552
435925033719173120
435855944887459840
435854790765973505
435853140168957952
435806346701598720
435806322236215296
435568143419711489
434692583587971073
434455678527098880
434446859700953088
434372178184638465
434372116205416448
434372007677816832
434361418561773568
434055789766922240
433971687906746368
433968451640500224
433789540369580032
433737973616496641
433674505341239297
433674361250136064
433666832843538433
432911729945608194
432178449508073473
432164001016213505
432000485751398400
431980827103072256
431980559842021376
431930748094799872
431874500796223489
431814024699727872
431799920098439169
431643709529010176
431519165363404800
431266733069205504
431107673686540288
430835077946146816
430704213388046336
430704015710490624
430578804675727360
430574060590731264
430200322389061633
430142166438903808
430127354866708481
430121261151166464
430121200702865408
430119788455538689
429802970193358848
429787689408532481
429638022225604608
429278156227227648
429120989583007744
429101946553638913
428977049525829632
428763254110707712
428739697234305024
428694741564157952
428694600601964544
428694489725546497
428645215562252288
428596342420553728
428551260506054656
428404004410761216
428402561305935872
428402396864061440
428394667701309440
428394523064934400
428393059454177280
428386136923193344
428377693374013441
428355843805831169
428307688078843904
428306910429708288
428306060907003904
428305731129835520
428305405874167808
428303944331194368
428287421717811200
428018632551976960
428017527373848576
427988437405138944
427899117239820289
427884486068830208
427848113173184512
427840099422724097
427665098253926400
427662043563298816
427649174012575744
427487551620796417
427476806627635200
427340347472347136
427110446559019008
426961688005324801
426940817593229312
426930347305996288
426903785093337088
426869110786367488
426868590491336704
426762207758524416
426742968217645056
426478472253284352
426438252044632064
426398372254064640
426364066949378048
426039580614078464
425825109371138048
425724330098835456
425126910071672833
424753398794027008
424729026955988993
424717730709643264
424717252126969856
424231202426351616
424043198042755072
423856001054674944
423855912336777216
423840942366289920
423545529021530112
423495761645428736
423182395538698240
423178813472645120
423133212307517440
423133080056893440
423132884593963008
423121685622312961
423118261312438272
422899966584324096
422899896082243584
422899664673710080
422892441302093825
422892335370752000
422883502082637824
422877719777390592
422877677574311936
422877433776205824
422877345737760768
422877028254109696
422871245885960192
422871189380288512
422869073043537920
422867976874774528
422865252426842112
422864307076878336
422864198066917376
422863811146563585
422751784168202240
422721684681273344
422504116506472448
422274888972263424
422208729035968512
422208680096854016
422173762750922752
421906770928205824
421906328882118656
421904717254389760
421904391340183554
421904346054279169
421904234557095936
421816938176585728
421816874242813952
421771328408928256
421770826489147393
421723245801263104
421723174619725824
421678933856116737
421498935216074752
421486271249133568
421484544085078016
421484393509572609
421484324823654400
421454826531069952
421454677687812096
421412338982322176
421366196483538944
421351814802337792
421308829930749952
421301965432188928
421185137108217856
420613445747089408
420571827082366976
420361473093689344
420102609739866112
420026661078183936
419623262541213696
419620312020316160
419518798564044800
419516077798744064
419516050439282688
419503020133462017
419501820004679682
419377753025032192
419343913619451904
419313360245501952
419216117551222784
419031490412822528
419010502669258752
419004791222587392
419004765465346048
419004552763822080
419004333196206080
419004099296653312
419004026626138113
419003970221117441
419003218790608896
419002712659722241
419002527388938241
419002463232868353
419002410959245312
419000704632508417
419000088992555008
419000008994590720
418999007206055937
418998894735798272
418998781867081728
418998775869214720
418995301546872832
418991234007314432
418991166667759618
418990860731043840
418988782294007808
418988648197931009
418986004058365952
418981808328306689
418964575581503488
418964461437730816
418959034566184960
418825950030082049
418808526664769536
418621422273953793
418557168158126080
418557121135783937
418548494920478720
418528236335661057
418516415184781312
418511241376567296
418467230188199936
418369338811236352
418362925732995073
418352703484358656
418349797662146560
418347538484191232
418347443906805760
418347147709255680
418345233089167362
418331747890110464
418319320020557824
418173890074910720
418081253120688128
418071830398631936
418067833180782593
417903680428326912
417823642634833920
417504702587105280
417480532016918528
417470178998231040
417142922203525120
417142561816326145
417142488172728320
417139653662093312
416805558465740801
416804947540185089
416803873496387584
416801717557006336
416373701454479360
416061931317784577
416025299399094272
416018530207682560
416015789641039872
416013969015320576
416012394943369216
416011277761122305
416011244194103296
416010258658500608
416008704626937856
416008032410017792
416007120572518400
416005928320643072
416002870643679232
415989586741846016
415961492832264192
415956837020618752
415956692803661824
415955172234240000
415955032995934208
415954906655109120
415953914249216001
415948731595243521
415897883880083456
415792017243779072
415721173272391681
415698598664232960
415696453105766400
415652450347909120
431159622053801984
427962213555400705
426190888079863808
425322515720708096
424454576276656128
424357251063611392
424052316698705921
424051400075509761
423104925858398208
417421179306000384
414675140056608768
414087737000476672
413789685912059904
413715577505841152
413538364449488896
413145968662425600
412753413248929793
440269727940608000
440223934797996032
439674716748795904
439667205261623296
439661171260391424
439649452379217920
439648761925472256
439579019156008960
439285836199100416
439257760106962944
439254369121222658
439252855329787904
439251018434355200
439159019979411457
438938643692924931
438938146898579457
438542269684006912
438076092813832192
438050440643506177
437991333924319232
437786277052547072
437316441432268800
437310957539184640
437282370794700800
437097761121370112
436745417926012928
436739291427770368
436719260962791424
436718974751883264
436717980001386497
436197595463966720
435984576834306048
435983788733001729
435641833415114752
434946199620050944
434925543268438018
434925202338627584
434611255127470080
434182791509467136
433691286889963520
433489700867686400
432766469311438848
432763986300239873
432762879524077568
432409328004259841
432257585207468032
431683674774310912
431299728848846848
431299163788034048
431291783101034496
431289956527398912
431289671164104706
430957918444605440
430562511633412096
430557700078841856
429123540952961024
429122992925208576
429102189416427520
429077662280085504
428613323525869568
428028109594431488
428015498102452224
428015382939439104
428014069434421248
427953239707754496
426794678759878656
426763727224840192
426599020048302080
426513312386281472
426228096816013312
426226926999453696
426226296960462848
426223999341703168
426223182308069376
425866423076810752
425496448545730560
425495370974519296
425494580494995457
425494045641560065
425493117601472514
425462768968298496
425458874343120897
425457884294414336
425452598921924608
425451314634436609
425449701127639040
425447990346514433
425183200386641921
425180107108384768
425179762269487104
425134729344462848
425131199233667072
425086255563427840
424803964924604416
424246919255179264
424225602774646784
422950914853330944
422588528346689536
422512680411607040
422475840312455169
422241613939630080
422233970621706240
422194916014317568
422013575318630400
421888600276353024
421875820492115968
421872285448818688
421774543078686720
421773627269206016
421716874141777920
421710457334804480
421413516218613760
421197162530107392
421191540346585088
420673986574311424
420321347399479296
420320172843364352
420312339712204801
420259286363541504
418432931044917248
418432088879026176
418431990426112000
418157853950480384
418154466567667712
418131729291816960
416336316641472512
416277769555697664
415983909940101120
415724274096152576
413199917205565440
413106998150823936
413028772053385217
413016945470881792
413015991279292416
413008287458541568
413008067928678400
413006488215756800
413006026900652032
412500887559348224
412480478344523776
412116329924026369
411400401565384704
409195243251068929
409192850740367360
406539248838262784
406228229855277056
406124323334664192
403701677716275200
403286853131853824
402328950640111616
401929473219493888
401482105160355840
401008373518196736
400855393573675008
400732753244594176
398604973627305984
398497990827974656
398493750332112896
398480910011473921
398479143236427776
398478268858261504
397511406955675648
397511172737351681
439425513673601024
439425152863207424
439421315817021440
439419667170344961
439182342007955456
438155080521359362
438153854790541312
438146721114103808
438146052256829440
438144993581350912
438143393646907392
438138697792241664
438137599094292480
438136383345946624
438135587304775680
438135365015052289
438134769012838401
438129828701560832
438127121530388480
438126564975185921
438125839977177088
438125690710269952
438125441975476224
438125036348522496
438124598651920384
438122600498077696
438122179427725312
438121527918473216
438121295029342209
438119886213369856
438119527239655425
438119403490902016
438118741545467905
438118316779925504
438020400979513344
438016616291237888
438015371782533120
438014327132794880
438003895931908096
438002254474260480
438000718021029888
437999615917318144
437999368482738176
437999289940209664
437977156262432769
437974457521426432
437974300637683712
437617801465851904
437612875906289664
437612621793988609
437093888965095424
437060564049608705
437058781197762561
436992478265106432
436991989620690944
436991883274121216
436991209962078208
436892800706048001
436713572610342912
436713167402438656
436678086026096640
436652504881704960
436297729669484544
436289768243335168
436289595358326784
436289379188088833
436287419642830849
436287036052746240
436286379824144384
436286157627080704
436283410483384320
436128121977180160
435929606013452288
435923359860543489
435856775489671168
435798225253957632
435588609018576896
435587940895305728
435586826246451200
435338269375479808
435336151071600640
435335939204730880
435334874157703169
435333153238966273
435331393103491073
435331276493426689
435329170403381248
435325228189622275
435321332675276800
435320983822409729
435310591020769280
435077763448307712
434546163082346496
434545886719672320
434545694318153728
434545188304736256
434544837279236096
434543522767585282
434539279943876608
433720537097830401
433410899861192704
433408685612998656
433364010411376641
433066662246367232
433066494352556032
433065830390038529
433047426946310144
432728001340387328
432727805646761984
432727401492008961
432726891578273792
431891304994193409
431631637961404416
431631206317576192
431630596645720065
431553631125794816
431552779275223040
431272656504356864
431271696088449024
431270569862909952
431160114402164738
430856910363844609
430549366672089088
430548810402521089
430548353999306752
429819266993754112
429502431844511744
429496185192075264
428743968080154624
428742362999685122
428741482150125568
428740905881718784
428740331295612928
428355680903245824
428355149107458048
428354694830780416
428354027017883648
428328695829237760
428328151878348800
428327324186980352
428035792930213888
428035554576322560
428034045017350144
428033418505777152
428032901364457472
428032769625583617
428028760592375808
428027718056177664
428027113371729921
428026136346759168
428024506079129600
428004229127483392
427993596336168960
427632935542325248
427628001560244224
427627260816805889
427626682208378880
427619444693544960
427618925094764544
427617389803360257
426947283746177024
426708971571777536
426565508880560128
426515049310846977
426514295586029568
426191277139709952
426190668357042176
426189985448873984
426189900900098048
426189761322045440
426189423990960129
426187951375392768
426187828834598912
426157778726813696
426147259776901120
425983084874723328
425862689873620992
425846003942428672
425785161997770752
425759696008802304
425759262258642944
425699683613171712
425656249472925696
425478532320354304
425477454690406400
425477183306354688
425476407146602497
425475748900515840
425473090106052609
425471680018784257
425471399906394112
425465133389709313
425464747945783296
425464497097043969
425462772239847425
425461611701088256
425460338146803714
425458531249041408
425458002192117761
425378346554236928
425320351791185921
425320180068392960
425319704924680192
425149594956095489
425126688536535040
425124356860026880
425123316555190272
425115679520350208
425110714399727616
425110513719062528
425110416977440768
425110154527264768
425109636522319872
425109502078103552
425109249299980288
425108862178324480
425108799557365760
425108569269493760
425108289097977857
425107697910808577
425106855514234880
425106673863118849
425081714252066816
424829656991166464
424770194171363329
424587409209057280
424585805257269248
424583236568633344
424576532992913408
424576440147800064
424574019283582976
424482631711862784
424481808353210368
424463757092192256
424463101660905472
424462895515041792
424461906158419968
424458074829492224
424455882563272704
424430095885824000
424428486820769792
424413651345219584
424413053849833472
424412528303546368
424411848759582720
424411282431676417
424403294228717568
424372429754859521
424368099110817792
424365708382707713
424365136418070528
424364745232117760
424363094010122240
424362513107406848
424361959945801728
424361237867024384
424360269775511552
424359898483146752
424359527882817536
424270850171219968
424053927626018816
424053389203238913
424050571394289664
424000757264683008
423998838743916544
423995583301287937
423327021624590336
423326501270876161
423326104548810753
423325699395448832
423221190057263104
423195432697602048
423111333077200896
423109479459078144
423105686235406337
423105141416271873
423098338209054720
423096003588157440
423092429445545984
422994441423433728
422993859379879936
422992747079798784
422989376893644801
422988574943084544
422976025140535296
422948955702321152
422940771164360704
422940331672621056
421922913499873280
421922819094482944
421922642799497216
421150445713620992
420954483695173632
420952970876813312
420952252199600128
420948550319472640
420948097770848257
420948008562212864
420947871274242048
420946985315627008
420946220635283458
420945923053596673
420945599081349120
420944629429575680
420944472952676353
420772908684701698
420771342091165697
420771044006178816
420769805348515840
420769761803255810
420769542659252227
420768457412448256
420766675592413185
420742228022013953
420303481757769728
420303478788194304
419898176762421248
419897997120385025
419892461792526336
419522674323238912
419522464687747072
419522043038547970
418829960531292160
418605179890450432
418592569602236416
418517011292233728
418058010418618368
418056749321428993
418055606717538304
417919373597503488
417919087621074944
417726395637182464
417726247850872832
417698016091725824
417697190350303232
417695168284725248
417694140785119232
417692601760763904
417692091360481280
417691401137455104
417690863653773313
417423843121037312
417423262860058624
417422200569085952
417420834785878016
417420474067320832
417340996179873792
417328475771387906
417165915932094464
417151033811689472
417150706924421120
417150297278935040
416813700712890368
416813396789440513
416802884475297792
416784516074573824
416483060498976768
416475225702690816
416470518917636096
416469647689793536
416469478399279104
416467687435698176
416452237444263936
416451344161976320
416450881861591040
416450098319466496
416449643170394112
416449312583733248
416448976632557569
416285616502878208
416285299342204928
416283345056583680
416282445206388736
416050771881250816
416047373526110209
416046328041709568
416045489776119808
416044943732256768
416044746684256256
415900932736421888
415900649172111360
415217580954353664
415216734216257536
414929917189451776
414929005498732544
414916179229028352
414910335552733185
414910181923762177
414909419961344000
414780353899814912
414779791506558977
414688511741018112
414680833459355649
414679810665758720
414677073832079360
414676633551785985
414675554978131968
414515424105988096
414515292984049664
414514766938263552
414241038216077312
414176293467340801
414176140383637504
414062959824879616
414061655048192002
413838480712552448
413789572049281024
413687368760041473
413538534021021696
413531551624744960
413526203359051776
413520636146094080
413478031890464768
413477921320210432
413477680495869953
412781760829587456
412781365625503745
412771095805063168
412770975977992192
439968591836741632
439968143331430401
439965337191063552
439957377761030144
439957269090811904
439954674595012608
439816647243620352
439505591485362176
439504575679438849
439500928606294016
439271793639976960
438709658425901057
438178626404503552
437442902730346496
437370035971977216
437369430058622976
436730502582509568
436586364306345984
436563452350308352
436009167015260162
436008621445353472
435887344336379904
435224112592453632
435179708443942913
435169912391102464
434895195524440064
434849705005043712
434849420719321088
434846436048379904
434657488063832065
434649729046032384
434634764981530624
434573658309156864
434572725735014400
434404001333772288
434236743403839489
434207585902669824
434205093047447552
434167429413892096
434155122281545730
433994520431058944
433864639550480384
433797958304153600
433787932730609664
433723994810753024
433331316105310208
433316976312602626
433312303644016640
433075666649489408
432347230930886656
432287953302216704
432252571726536704
432084102997495808
432075303016353793
432073589714452480
432073475386126336
432072148857782272
432055936014757888
432055302209282048
432054247153086465
431893334487867393
431885882522492929
431885753442779136
431877553708494848
431850998210891777
431850762855927808
431548965608112128
431547146509094912
431311741776310272
431294214937526272
431293490937737216
431292900966539264
431271724668428289
431268745705951232
431268706833166338
431248807456931840
431248614305054720
431247450192756737
431247067038892033
430884579407175680
430860450939420672
430859001543135232
430851388038328320
430849468221505537
430565898819096576
430545444825882625
430519053052956672
430501781169139712
430501486510870528
430470771731734528
430174564304175104
430174305821810688
429843880398172160
429465828690391041
429458618874740737
429373553822019584
429369926545973248
429353685135532032
429353096217493504
429121109275852800
429119052829585408
429117137970397184
428927215913275394
428676762390626304
428675751211040768
428619237402222593
428349320933281792
428348322865094656
428347146669023232
428053983760896001
428042503942451200
428029798145724417
428027236189339648
427861881076719616
427841344267386882
427589748148805632
427309835420315648
427305609667428352
427270774018146304
427192749335379968
427187014446759937
427181029200117760
427156658716831744
427156532514406400
426988321881853952
426956968247300097
426863564276518912
426820878689513472
426818448274886656
426602197170663424
426602128908369920
426598961923645441
426597522732089344
426558209969487872
426533610603048960
426529057304346625
426367856175902720
426236245853736960
426235798971621376
426235510734860288
426156916985700352
426154126385246208
426082342109577216
426073152410513408
425723318214209536
425718383313563648
425679074527174657
425678990087438336
425669259306360833
425493895334461440
425412111355748353
425387295860981760
424690170240065536
424428442285662208
424361026805448704
424359670266880001
424323203209519104
424016974897631233
423984760658989056
423860985581928449
423582110704615424
423581847935655936
423573517716561920
423556631771631616
423526949009780736
423525961548980225
423375659847544832
423284005211869184
423266926379282433
423266742773612544
423257121103179776
423068071184461824
422921136117010432
422910707676360705
422847007699369984
422581761860575234
422532200232267776
422228690865364993
421897496323829761
421860884063866880
421730745980170240
421486346679496704
421385102115868673
421384846766645248
421156288643350528
421155014904528896
421149790655614976
421148293788217345
421075163614953472
420802234918522880
420759018093551616
420758953539411969
420544377069387777
420543776663142400
420337984110465024
420327147404681216
420063027128315904
420062982714822656
420051874373316608
420045274002628608
420014437626437633
419650837917339648
419649340085239808
419245769204318208
419017533543284736
419004732347133953
419004360274612224
418852541690953730
418369571620274176
418283270707494912
418262686690856960
418216027504144384
418213838912098304
418213281405210624
417941921491722240
417941485137305600
417932865536421889
417927282787774464
417926950770860033
417922417768402944
417920809751953408
417920400329150465
417917354891165696
417915307307462657
417912117472149504
417910770383343616
417909204674818048
417883267509927936
417861071362195456
417776076517937153
417767251492618240
417748005626720256
417570010748297217
417566900462174208
417026600710860800
417026473476644864
417002142088445952
416822184951033858
416821999785091072
416809099079061504
416808983379202048
416760689714155520
416696170564448256
416695765784748032
416498716661387265
416498582443679744
416498224090738688
416420588421251072
416019140952870912
415669047372427265
415587398177656832
415587232557191168
415549772565467136
415293145471938561
415192573574012928
414872643834089472
414562620457226240
414493810198982656
414210525816311808
414194718977687552
414177145326292993
414174325185331200
414122183950991360
414122095128227840
413820376020312064
413814967255592960
413808663711604736
413808458316529665
413479962398572544
413474627868844032
413368182565371904
413306513646563328
413291396557062146
413153345277145088
413152534971166721
413147753456222208
413082003324428289
413016672631402496
413005079235407872
412757416212561920
412752701907140608
412564218043314176
412420637517307904
412413224147890176
412394808376692737
412390765562568704
412372054311055360
412366293895901184
412288798072922112
411958497014591488
411932908694167553
411932803350028288
411574580482830336
411569029430517760
411567985489235968
411565311817560064
411487129517039616
411486468901568512
411339642248519680
411339605384781825
411327761026777088
411321263332655104
411310636992172032
411307675721277440
411195810039095296
411191983210627072
411117403867590656
410912716392374273
410865259360948224
410862604228116480
410230358022447104
410216479515107328
410116482082045952
410116182130556928
409846223424589824
409846184564363265
409823282339131392
409800982847963136
409795599211307008
409121889894674432
409121439233478657
409113847430004736
409097484607049728
409031139504844800
408946362923757568
408834876100456449
408771863729303553
408771760855580672
408735930363551744
408701192189927424
408689348649816064
408683146763173888
408675451389763584
408670315049267200
408666879897505793
408458949961072640
408414507036188672
408348930053664769
408085762702192641
408085394446495744
408028612986552320
408023523798446081
407956794653155328
407946238131052544
407946052491165696
407759772981551104
407714356303261696
407714273427611648
407714134348664832
436891683565756416
436883517386276865
436882118682370048
436706612246368256
436370831049236480
435807100749377536
435287773235253248
433696918179282944
432157364980961280
431980071570923520
431124419013259265
429802669486899201
428011604689436672
427602821089738753
427522958878187521
427481200102367232
427122763673792512
426443791117983744
424405554308472832
424205647941353472
421903950455898114
421486173618315264
421454730217275392
421353688125673472
419357803799535616
419021007257477120
418987530424315904
418266501049634816
416801444713349120
415959209570607104
439489213395116032
439210209286684672
437305737358737408
435325657938018304
435315757186957312
435246289643507712
433734821789978624
433348690535645184
432293049687760896
431547450852003840
431272881524572160
430860310488940544
429124278777167872
428416197487386625
428282906457300992
428001073547067392
426159981117714432
425723215365672960
424658352728064000
424323566184570880
424323364224647168
423801916187885568
423582686288936960
422921043678724097
421446288136089600
419953813844287488
419629089587081216
417861372630687744
416493820105064449
413377649411497984
413306226202537984
412394532202741761
412387546102915072
411347372182994946
411346442314215424
411338026338357248
410997873132576768
410834046185250816
410475641025216512
410121466261549058
409849079976312832
408792664163622912
408780842853359616
408767664127897600
408675677320142848
408668631287873536
408349570200911875
439655084167671809
439654855695544320
439651809599045632
439645363952033792
438918172209459200
438867773796524032
438854194124959744
438840338782752770
438556667114835968
438553766996873216
438545217348575232
438524226987778050
438406066980679680
438378885877882880
438377062215073792
438360815901503488
438295911655956480
437826035841658880
437494818365644800
437320468777799680
437310171421765632
437301726593294336
437300413285400576
437281681402114048
437279313428094976
436905512211193856
436700112614473728
436589588413313025
436506150591160321
436288484278423552
436247496939941889
436241856456699904
436237446238318592
436222208130576385
436004648025985025
436003657750822912
436002232589250560
435992834726838273
435888933793054720
435879649671786497
435873987386568704
435653418925846529
433223935195234304
432995409745547264
432816503864320000
432812323640590336
432802534533500928
432794925919244288
432787763931271168
432785884614635520
432785555688931328
432785265673793536
432767022242340864
432758202870927360
432757701592879104
432754746701541378
432753312903868416
432751822583787520
432751639657586688
432751011694784512
432750373862793216
432750295643205632
432746334588661760
432742557856968704
432742204906303489
432741410005995520
432610307446292481
432576086321291264
432575995418132480
432556230163189762
432556058855235584
432553606265311233
432552850451726337
432319889559134208
432315813052162048
432315429659213824
432312374742114304
432301964869640192
432200799783878656
432197653166710785
432183966796234752
432182786296782850
432182619367669761
432181383855734784
432180674133364737
431994772908040193
431679027451932673
431650649000771584
431643077371899906
431568561916485633
431473427501699072
431465307358523393
431463956238970880
431463306197348352
431456529254866944
431449930045997056
431436318350921729
431430550251786240
431416137742426113
431409693215322112
431300677068136449
431270559780200448
431261339731128320
431256910550282240
431253498823311360
431252928092196864
431059296642531329
430966020375724032
430965687528353792
430881826551234560
430799431672143872
430767736445104128
430767311306231808
430766304786522112
430763855124242432
430760917656039424
430745945320341504
430744599447891969
430728002884759552
430227438757359616
430225714143432704
430224898951094272
430219500709879808
430214086287056896
430213904967290880
430210439041925120
430204606769938432
430199651686285312
430097207107153920
430056364350914560
430049102253268992
429827768055242752
429812620741603328
429776513810968577
429760154083418112
429758527209345025
429710273063038976
429709113103089664
429670749490536448
429668228667682816
429655372937175040
429479332788977664
429455839150092289
429417512019976192
429363107048071168
429362818584825857
439920581090107392
439918668550397952
439905746403082240
439818481773457408
439267430280351744
439265306339315712
439264146345836544
439263222034481152
439067995596275714
438504008110452736
438104959695859712
438103865947213824
438103813451288576
437720691836604417
437529433138663424
437523664162938881
437519874747674624
437515484678737920
437513367922565120
437465878062309376
437434415514259458
437272480751702016
437258541275967488
437258324472389632
437258231270748160
437115504856014848
437021101239959552
436715479705468929
436714877462142976
436714793341165568
435988476954017792
435967824251478016
435967595468967936
434986415915429888
434984619143094272
434852953581580288
434824107411005440
434823625963610113
434783208312279040
434782835228954624
434781467072151552
434780934013861888
434779153603112960
434777466821820416
434777244070735872
434776294140571649
434775818196119552
434714385773129729
434534407752253441
434512229132562432
434197243734671362
434122256210350080
434105188316508160
434105078878728192
433842118939779072
433741197081710592
433485062579818496
433481662391779328
433481083951132672
433384520851521536
433327122459815936
433327075143852032
433275598606065664
433041340268421120
433037840184647680
432762349775093760
432757975262830592
432752359274340352
432750166932590592
432735840087715841
432700424986972160
432699156260323329
432698995933069312
432646249750073344
432645762762035201
432644925918679040
432644685086355456
432613376498204672
432428086613639168
432425676067454977
432421509894656001
432339709797220353
432299531414142977
432202631583256577
432202533298118656
432061644160520193
432061561272668160
432051721141878785
431905763624103936
431901903018934272
431896544619425793
431889430199029761
431886280587096064
431885801064898560
431878558957326336
431861785251954688
431861712308826112
431856670474399745
431855068048916480
431843009156485121
431685197340213248
431684912026882050
431671156966301696
431669625588162562
431666883561934850
431665750667825152
431665267781808128
431664767338438656
431659668058824704
431657180605841408
431631788775993344
431628808999821312
431628458448265217
431619338072629250
431619039031332864
431618964729233408
431604041873752064
431603686897242113
431603266351140865
431585360544428032
431584647642742784
431495087894196225
431293233247682560
431283543881572353
431281742394036225
431279032957947905
431277159911792640
431255292593307650
431251149828931584
431242402243035136
431047333011152898
430929717638619136
430858223264874497
430570121623379969
430567802257174528
430567639362965505
430519427927248897
430368645370236928
430368485479182336
430368391614840832
430352823608295424
430209173955956737
430195470074253312
430195356412805122
430195019996082176
430194861447188480
430178865432911872
430178120260284418
430178049363939328
430156313658552320
430154645831315456
430134568012619777
430133805827891200
429872798077431809
429862435210539008
429862200962842624
429861486429630465
429804286303035392
429803130445103105
429802714697330690
429802509902045185
429801503466221569
429800125087887360
429799616574685184
429799017254752257
429798946895310849
429798848010391553
429789548076597249
429783333241769985
429782935898976256
429782383470989312
429725264776400896
429476983588663297
429470481633128448
429456463778414592
429413523144187904
429095610398953472
429082539160915968
429060606465818624
429050168873213952
429049019793289216
428755982227755009
428751487586406400
428687726229995521
428687106924240896
428401200732459008
428365082381131776
428038830013169667
427968716484005889
427947918910181376
427619808138387457
427589742671040512
427525199609618432
427373252655067136
427373100858998785
439420693789175808
439420217047793665
439124370297217024
439123956474601472
439111544018698240
439089070501683200
439088645236985856
439075226786492416
439075125812801537
439074907272777729
438907946588585984
438907165248454656
438384447961169920
438384345163005952
438363557797711873
438349366102085632
438349255955468288
438349125093195776
436897118813687808
436887212190228481
436887093831159808
436886751588528129
436885660310319104
436884249530998784
436883782436925440
436883362460868608
436564747635269632
436370151248650241
436349448390991872
436171878135103490
435053111816634368
435053067629641728
434692631914741760
433972609017851904
433697039755386880
433053590060421120
431888364707774464
431237642420625408
430802241880985600
430802148712906752
430221279728107521
430212429499224064
430120058786836482
429771760716640256
429771287729143809
429771126223282177
429771032249921537
429424722724392960
428921037527728128
428731329983680512
428722948711534592
428720572667666432
428575701529145344
428402306971754496
428394731333103617
428394700681117696
428385949022580737
428324524354830337
427987553040355328
427947017076092928
427884563835392000
427846323295899648
427840698713268224
427836931800432640
427836841312522240
427836597522812928
427836481629978625
427828249565986816
427825482881847296
427480973333106688
427480876729901056
427480748447113218
427480435934113792
426847703847288832
425459410840719360
424205467682742273
423669867107987456
423179754364076032
423122097548689408
423084047837847552
422869121970085888
422869104890900480
422176815877070848
421806743966855169
421739300225441792
421456507171909632
421425915994710016
421354460552499200
421351901100142592
421308870187696128
421184714888597504
420757406612602880
420371678430908416
420342986736549888
420294367723548673
420043995109027840
420043985046892544
419653748726571008
419501128003252224
419368701524078593
419356911008366592
419348415894417408
419340595228704770
419030526867947520
419009989311610880
418998199852883968
418995951181635584
418995901982457857
418995636642398209
418995370375385088
418991449275764736
418987981634953217
418985768397197313
418985519607857152
418975187350994948
418817094889652224
418648172123004928
418646913211047936
418605143454908416
418579813289324544
418565214171176960
418555635832066048
418371025374429184
418368307578691584
418334221761929216
418334162848739328
418330949240102912
418269725865435136
418269516406075393
418235781941968896
418083069766029313
418081218446364672
418081187093942272
418080057161027584
417924930429132800
417903708131717120
417903526891618304
417892648133746688
417123138992750593
416801215633039360
416801128987115521
416800970341756929
416800900502413312
416800874728390657
416800727948726274
416800654548402176
416800424398569472
416800283864227840
416800240285405184
416429130578554881
416427548399001601
416423141674450944
416389251077382144
416385055536082944
416375433739792384
416017088948338688
416014507975004160
416013242738020352
415956899725451264
415951966758391808
415721281175027714
415715585691897856
415714838145269760
415709776761217025
415708932804341760
415703904291012608
415702878741737472
415702787989581824
415701495187660800
415701468205699072
415700420732792832
440392688928432128
440383214410932224
440370287603761153
440331069028433920
440280676659494913
440221262166491136
440218478541168640
440207087209947137
440008636203421696
440003070403940352
439969113234890752
439967752921419776
439964956012724225
439938580463357953
439841628987994112
439505037136777216
439226346586128384
438365509453496320
437137992763707393
437137929337442304
437016310988296192
436731399500881920
436563695112445952
436562619025985536
436562467850682368
436544328500916224
435892402234982400
435300468550430721
435228450744320000
434846719776272384
434831670047281152
434669049386004480
434440152253886465
434025266474532865
433828512986710017
433825410887864320
433823635015344129
433820732473098240
433764222908899328
433757846228844544
433757078985773057
433753196977086465
433751441476292608
433314726232076288
432812880317001728
432351576166899712
431894250108645376
431880408276275200
431879442416164864
431878652628725760
431564024195477504
431563161368403968
431315082392264704
431313740043403264
431313697420873728
431274289523068929
431270676461133825
431270560182845441
431269583497232385
430930079669968897
430692338998837248
430574700129828864
430521410482884609
430174059247050752
430158175510073344
429466917787553792
429465963340115971
429457825580863488
429455889469153282
429123604739932160
429122078248169472
429121024404094978
429118797899763712
429118274161221632
429116940443873280
429116179735527428
429115382889066496
429105212326805504
428946931818041344
428676952233222144
428668844622639104
428659421015588864
428650982075936768
428363130662440960
428356002631520258
428354532557332480
428352171386474498
428350140173152256
428346251130597376
428072124528332800
428042461798092800
427943259025842178
426870068538904577
426814670121365504
426812889467346944
426557961205338112
426368934091030528
425677314194558976
425493183858896897
425122700193845248
424759601930596352
424694982046273536
424420573498724352
423284120802689024
423277143972274176
423276775804645376
423275482998509568
423272844751953921
423128981773119488
423112544392212481
422974716555456512
422972254536753152
422969311225860096
422920704397283328
422874472383655936
422801716874977280
422443657652752384
422310990831566848
421769930652921856
421711570234667008
421465240862085120
421433322959409153
421423623551729664
421402404811075584
421158261862060032
421155482573611008
421154875506831360
421154493602877441
421154352011546625
421152988313288704
421152589569208321
421152356449783808
421151643099336704
421151011927883776
421149587168968704
421148953476751360
421048351182696448
420999006341586948
420810336128606208
420603479124475904
420599007052718080
420597953103798273
420423564475375617
420413911058223104
420321268131323904
420037323795873793
419311858944720896
419008246850936832
418931807665414145
418518746479591424
417924952503754752
417924443902464000
417920718018318336
417892376590286848
417865041983971328
417823928396947457
417823602554052608
417776871799926784
417776002865975296
417733105525350400
417507041008046081
417362524720226304
417088399548219392
417086714050392065
417071703202623488
416822829451976704
416811590218829824
416810404216438784
416809457562042368
416804277097480192
416707676739874816
416642878245335041
416627283126808576
416498159213244416
416497381694111744
416497248369770496
416494920988258304
416488785753300992
416417387663998976
416393584087011328
416231124491173888
415947790926106624
415947492228730880
415934621818159105
415700770604859392
415700121028816896
415682192702849024
415632845491544065
415595225747161088
415548344786624512
415545495075831808
415512632557187073
415276328657506304
415268608223105024
415257042585001984
415194795267481600
415183091829727232
414872435289100288
414213488857600002
414016086065942529
413463176521330688
413382478603120640
413374964436185088
413370651341123585
413158266336583680
413156774779158528
413155742774861824
413155394920263680
412420963431497728
412396409946513408
412390870474715136
412375463370055680
412375254351101952
412357981884665856
412356217755824128
412353925782593536
412305636311842816
412277354971406336
412124998552145920
412042066521120769
412033415425187840
411961387699957760
411920956009881600
411488684567834624
411348480620126208
411337640097480704
411308410953400320
411233049792086016
411210103074078720
411180301784604673
410917729189634048
410915611435216896
410913813639094272
410913071318568961
410839634608795648
410236301095358464
410126815496531968
409847477441802240
409801096140296193
408792456692396034
408791905447604224
408788255920754688
408770984364097536
408766639073554432
408735638708428801
408675949807288320
408674898182037504
408091627513597953
408081910414311424
408033173553954816
408032877234749440
407763909081182208
407731232374415362
439811255541325824
438240838854791168
438028364897464320
438028111909621761
438001176676556800
437844312479387648
437843436025024512
437841757435203584
437648279598153728
437640638104760321
437477945360138240
437469917164482560
436409175317303296
436397053023772672
436043469669158912
435977298286637058
435890748131532801
435323980057042944
434375266698133504
431222182845247489
430825178973478912
427383355852611584
427364804840275968
425147757532155905
424971736040218624
422200464503877632
422132153103548416
419603555570298880
419560730543665153
418293172234510336
439424064327667712
439182380637487104
438357430464827392
438357208758112256
438157621153890304
438144521923092480
438126221994364928
438126099248058369
438125253890281472
438121790267600896
438119780764368896
438015713211473920
437995972660961281
437974342815584256
437058068908494849
437057124296691713
436285767225053184
435856821824135168
432728125936373760
432727142095282177
431553677594476544
431290910270582784
431286423376125953
431281493793853440
430722392051032064
430553095928414208
430548495414460416
430539173468979200
429819967664848896
428241995606155264
428000303191818240
428000283549900800
427966917471907840
427966789016748032
427966516735127553
427619675866804224
426946104316284928
426534526081171456
426506468922097665
425983132790444032
425863236269797376
425481115647107073
425466733000785920
425459643226128385
425439207662702593
425301755467796480
425301674052161536
425126602922418176
425125586978078720
425117460266622977
425109363259232256
425108938866974720
425107779599093760
425107273652785152
425106977736241152
424828920106475520
424589819025424385
424587844129017856
424586831225581568
424585308164718592
424482255675731968
424481892486766592
424472900314230784
424398588597116929
424364852467859456
424360513703657472
424360357176438784
424054054923141120
424053502302629888
424049940180914177
423997232564551680
423996992830705665
423194793053659136
418593921430589440
418226644138983424
418054375991685120
417889675618304000
417694513109291008
417693532921417729
417420572810051584
417419056497430528
417418109557825536
417417687468240896
417342705954340865
417340351200763904
416474399676825600
416470105761918976
416450126542958593
416286202489090048
415962873643286529
415961212292464640
415286777469890560
414240047538647040
413523167668211712
413124908575887360
413123930564464641
412747703123075072
440251832917434369
440251285929873408
440240478429011969
440239232682967040
440238705228255232
440234186058637312
440232799434334208
440232049970929664
440222558349041664
440220714063241217
440220528389799936
440220347355262976
440219966046883840
440219412314873857
440219299181887490
439974949441110016
439961799324999681
439960871498821632
439810966910287872
439810791714197504
439275534162223104
439275371536457728
438861563806482433
438844883961266176
438839985546883072
438790453790396416
438533884582453248
438530581052133376
438494204902125568
438468711842717696
438374591619006464
438238485950889984
438237768645234689
438123728803618816
438119495614226432
438102917493452800
438013679611564032
438006773677432832
437849059898834944
437840809652523008
437837435121049601
437835198957252608
437833864652652544
437826512415252480
437823115934961664
437719360791007232
437686742095626240
437676577703223297
437661681414447104
437659143487225856
437658245058936833
437649147768754176
437647071219154944
437487457110462464
437486952489549824
437485500727693313
437485030554619904
437483519141359616
437454262348443649
437447710677807104
437433594747711488
437433255369793537
437323660911603712
437322730052935680
437321874859495424
437321630126047232
437321353314582528
437320832629485568
437320722180874240
437271990563377153
437020599789961216
437019481139732480
437018786462322688
436778928464609280
436767712107175936
436766970940121088
436766182406758400
436734302953299968
436731599237832704
436583578168602624
436563068391137280
436561097538011136
436557780242423808
436557265533820928
436425640888131584
436424163842985984
436422713834348544
436414699110793217
436414560182865920
436409792106491904
436408866155155456
436408687737856000
436408280391245824
436406277594300416
436401666032545792
436393391010500608
436383949246316544
436242493785403392
436190483908268032
436190071025192960
436058916795867136
436058713120444416
436054173235163136
436047463569313792
436043620324352000
436042663695892480
436042148526317568
435977909069570048
435976010077446144
435975552374038529
435974965431504896
435973720046190592
435972735739510784
435966590287241216
435964261848735744
435963715351871488
435963153612939264
435916157770420224
435910665744551936
435890414583685121
435887770993586176
435886986193166337
435803964399812608
435802506166153216
435516102496382976
435513446122004480
435512783925305344
435511906527244288
435511087685849089
435469168297533440
435454252417179648
435449498718834690
435448005005565952
435323514678038528
435323252097835008
435322727704973312
435322371918921728
435319566286073856
435317487022780416
435316240379166720
435315282353999873
435313585149857793
435307768451330048
435306768646680576
435306277296558080
435305170734292994
435198935963942912
435194333797441536
435192169763049472
435190678176268288
435187744143192064
435178684341686272
435167337411407872
435161207599673344
435138721898184704
435104158949965824
435098113431183360
435096178862993408
435094000995799042
435092007719952386
435091574003736576
435090584928149505
435090011982012417
435086362442600449
434852595178278912
434783264029429760
434776783070560257
434771908282699776
434767002100441088
434375067460313088
434189307931148288
434181576025313280
434180950553948160
434169681151152130
434048335637254145
433845753308385280
433844819366920193
433843103401644032
433841770774794240
433840363258671104
433839277814726656
433833843678662657
433829456566693888
433783939082096640
433752465045864448
433749606799646720
433727198692790272
433721632624889856
433699622293229570
433661599836930048
433657724815962112
433655475050000384
433654295372632065
433636034501308416
433633566694465536
433445066816770048
433441552698855425
433441177216372736
433439548899459073
433321778778095616
433290538779807744
433135198767964160
433134380769239040
433077292684697600
433049585917767680
432941037061812224
432940213673811970
432939875004719104
432939692367937536
432939386666102784
432920420317020160
432918761146834944
432918573422358528
432773242210615296
432772825129033728
432768178842644481
432766559560282112
432766263450816513
432765451718778880
432764345957613568
432762309539155968
432761077684633600
432755559301795840
432755102533697536
432754548248035328
432744456450629633
432728750279495680
432716209469943808
432708344885686272
432696893831782400
432695652892422144
432641887401279488
432640491373355009
432639073727946752
432634822465294336
432615210587652097
432614023264075777
432613839645839360
432613088857038848
432611611606384640
432609853765197824
432575166648832001
432426689436467200
432426276649828352
432425446324436992
432395357964623872
432389337062199297
432389025307971584
432371521776922625
432344019213885440
432340869065101312
432337467891400704
432337315818520576
432337229218734080
432043120620883968
431880597133197312
431877888443289600
431877186123874304
431678013835464704
431472817301770240
431328195120340992
431278243229216769
431277319206891520
431275829591805952
431274640942440448
431253011709448192
431251440355381248
431250286158438401
431249372698148865
431237144515207169
431221030221144064
431185288715452416
431182099584790528
431132025408327680
431131840133337088
431127584659632128
431126770733948928
431104477509472257
430939788485484544
430924971276115969
430924558678245376
430769459561631744
430750121152618496
430747837572214784
430570640987258880
430569240786006018
430525592694304771
430509347882299392
430505481778372608
430502436667539456
430497244857397249
430460565316571136
430455837316767744
430445027580313600
430436376119504897
430436053124530176
430386682857144320
430384495955415041
430214224984285184
430201347539869697
430149070913429506
430057705810563072
430036052834025472
429878495531905024
429877212569796608
429876402104463360
429875646118912000
429874246014083072
429868778537500672
429867693118722049
429841499887374336
429004202270916608
428697130845237249
428630610232348672
428624702072832000
428598657412128768
428583343475531776
428270070918164480
428037809228627969
428018954934566912
428010121193459712
427913185836818432
427375362629046273
427367030761598977
427366155146108928
427365102753300481
427202579915735041
427154620117299200
427142311206604800
427140345541832704
427102424537374721
426851098842787840
426850606842523649
426849819877847042
426849432361914369
426848411564769280
426847095903879168
426846325280227328
426567246438088705
426147819158646784
425471087355260928
425470367470084097
425469749166751744
425354860481892352
425344386797281280
425333311511076864
425146925222883328
425099218844266496
424990164033601536
424984215138992128
424977148068126720
424976937933479936
424976484441133056
424976219117867008
424971526203383808
424720036872196096
424719560009199616
424297339453337600
424291165764980736
424227616090882048
423999254114234370
423994102728769538
423371780242173952
423360688501686272
422999823294267392
422855873304604672
422853743894216704
422853525253521409
422853242700062720
422852293193502720
422851892377440256
422849144269463552
422848966049284097
422848291865231360
422847686895628288
422847558776410112
422743172087681025
422742584100790272
422636132602372096
422635336754139136
422633659527479297
422629851980263425
422628689310789632
422626612295655424
422625337080426497
422424486227357696
422422570244136960
422261077007548417
422141066960068608
422140196428054529
422138352184201216
422134885831032832
422134258367348736
421792080550039552
421189459703394304
421005423735762944
420936742057689088
420673927589789696
420464664963604480
420463899675074560
420462722791120896
420462181092573184
420461808508366848
420460310827253760
420443656814743552
420273908550344704
420102315933057024
420084474567618561
420084066239533056
420083639221620736
420082603027218433
420081806839255040
420081470644838400
420081135649972224
420079921805791232
420015702041305088
420015646475169792
420014671408529409
419870829917110273
419725234447470592
419721937686757376
419684236010868736
419605909317246976
419604645745414144
419604265447878656
419603456123363328
419601630560919552
419356030519111680
419353674888925185
418944276936921088
418942707839414272
418874995029192704
418502305445445634
418500109047824385
418334461495750656
418333566917816320
418333433492811776
418327760138813441
418317731058810880
418290698345914369
418290118454038528
418202754616545280
418202529021710336
418197102011744256
418186659998351360
418181704063262721
418181653203140609
418174020979150848
418172955030339584
418172659264790528
418079901602697216
418078458653048832
418074918123622400
418072534542602241
439920168202813440
439919471218524160
439918041451597824
439917285537374208
439909069063610368
439908774652813312
439886828443668480
439885679502168064
439884533903527936
439850433515761664
439847400429977600
439265399587090432
437746289925554176
437516178953494528
437515913965744129
437245683439923200
437245044827779072
436292798635966465
435982339772919808
435968275189493760
434984544169496576
434976939464335360
434887157589635074
434854895217160192
434853651618607105
434853044111413248
434852901224071168
434852832211001344
434828693437808640
434824908967649280
434783819850211328
434164787862183936
434123289015775232
433088767008591872
432774266681974785
432645842856468481
432611318575529984
432425483196583937
432425332293910528
432340457436106752
432258728801218562
431883155511861248
431880970501779456
431855615762124800
431839106838970369
431828535154446337
431811539599769600
431656970907430912
431653816862134272
431626895923630080
431625106553450497
431619109961203715
431615368872747010
431602666704076800
431553911258771456
431288585053278208
431286056391282688
431279655765954561
431277655758213121
431277224071667712
431277101917151232
431276919766937601
431276017630859264
431272242300076033
430198334565793793
430154133094400000
429873048020209664
429872508079058945
429864724449087488
429863938725904384
429863774871232512
429861091934355456
429860993598910464
429801273307987968
429799767418601472
429799103992954880
429798736261574656
429785106119933952
429783078798516224
429782983394869248
429782140587237376
429724306273099776
429722602815619072
429275744489840640
428671242984370176
428365211104321536
428364584567574528
428030665380999168
427615111730065408
427606093544439808
440521175391682562
439095464311275520
439045098936877056
439035579590647808
439034265456488448
438776165453406208
438723307861340161
438709337960091648
438699460437094400
438696279753768961
438682649217888256
438507782291988480
438414008295514113
438325519361126400
438315703972532226
438307661889552384
438094081340616704
438040628375478273
438008453378736129
438008049400176640
436908565714837504
436903257101721600
436898752180125696
436898531534573569
436623753901248513
436603860275044352
436552786570792960
436538719038742529
436164337455988736
435903556487360512
435865336210927616
435861378440511488
435861134231367681
435849822537400320
435827158791901184
435819784106557440
435811727393841152
434515462873817088
433993998823219201
433986679313936384
433654134466547712
433642396434173953
433630349747175424
433625603682496513
433621205145231360
433619546201546753
433295572275957760
433280281043161089
432934072629751808
432899813391073280
432887570880397312
432878654645760000
432874249808658432
432866979548897281
432866362080247808
431470958352662530
431441721981804545
431434030722990080
431431165908512769
431418485290196993
431168944959791104
431124234245373952
431070671582425090
430793547667623936
430737629533835265
430693578524725250
430405078441152512
430370185489289216
430358586934300673
430336821705179136
430329965020594177
430329594739048448
430329487692017664
430324327636942848
429293265100079104
429032460936941571
429018483410472960
428949038885388288
428926893744590848
428917769518596096
428906472697638913
428884669916925952
428586950522458112
428579900165877760
428545334164201472
428519182116745216
428198704277766144
428172895945097216
428155774968160256
427900101424472064
427829032894226432
426380575482445824
426348888467832832
426058373851652096
426013634787938304
426003964543262721
425752793115140096
425709348816314368
425702764304277504
425672094509068288
425664404634341377
425658225745080320
425619199524761601
425382739114594304
425333778676858880
425317343774777344
423933757742006272
423916696315785216
423898402661748737
423890479374032896
423874454947504128
423858199129624576
423840339485401089
423820418470797312
423600739290603520
423585450884726784
423567326508625920
423551921211715585
423533200426557440
423517900125650944
423498603848425472
423479381722267649
423463730077114368
423203412012855296
423170731195637761
423152548342542336
423142708723462145
423133471305760768
423118068017922049
423103681362284544
423101178021298176
422797380568616961
422778933071736832
422761817400549376
421658811997241344
421311317618597888
421310956220583936
420935891603824640
420664168778178561
420655920243150848
420589565116555264
403897615252615169
403881080257650689
403661346673147904
403645727684820992
403630130397868032
403618811795890176
403618447189229568
403611341488783360
403591164403539968
397742040512884737
393441119557517313
393415288315604992
393051817866567680
393030939351072768
392731674405916672
390937599549788161
390921027372322816
390906066235432960
390890079851249664
390869927835348992
390852972042678272
387470581534572544
380488625068056576
380411314889179136
380339954997403648
380068734364176384
380033466961645568
372817614721937408
369494310565060609
367292474655375363
365605737461858305
365585901033758721
365565661323345921
365550056629207040
365532858464485376
365517170140127233
365501364345905155
365485557981265923
364859905745752066
364842450767986690
364823513573502976
364804928964800512
364420489596252164
357871617478635520
357510855849558016
355487077627994113
355467375354724352
355416348970586113
355397400707334144
355379017756577792
355361867796971520
355324117404221441
355126083982606336
355106779157377026
355089111780032512
355054750036799488
355037922073903104
355021419643547648
355001323613196288
354984164816203777
354965799938703362
354738137509019652
354717946075025410
354658133693575168
354638598118711297
354622583569784832
354605049390956544
354350471760199681
354332020089946112
354313787400126464
354295065465729024
354279697766563840
354259757676244993
353295830234562562
352933808556879872
352914421602979841
352881539677298689
352865721266618370
352846713402310657
352828486932627456
352446386555465728
352444497742938113
350650023383539714
350634121107750912
350633333098688515
350614836738134019
350408085359177728
350392936510394368
350354786442424320
350335491700297728
350320391371227136
350300428291932160
350295583690469377
350268002169651200
350218039372943360
350217888059244544
349948244878565379
349944850117955584
349552073056067584
349538564826087424
349526835761131521
349233049231294464
349215711333318656
347382422243008512
347362543284678656
347357008560787456
347096754367385600
347064405772627968
347040145515626497
345595984283324416
345578606405242881
345339275342123008
345318979918774272
345284930642776064
345269523202596866
345250004522389504
345232237786185728
344976054122868737
344838631971770369
344539852991246336
344523201721794560
342040843428962304
341983011937587200
341964550024859648
341963481853091840
341758890368716801
341758111251566593
341710336421941249
341692789865738240
341674269153050629
341658421281562624
341638485704335360
341619176605089793
341601108327800832
341585699067285505
341306910206738432
339528890835935232
339509990043832321
339491167412551680
339471498530136064
339454915074199552
339439492211568640
337752469545304064
337641126708269056
337624245385433088
337606228358352898
337586320576757764
337234658687336449
334859486403645440
334848329764728832
334691362710630400
332548503320526848
332528281297510402
332213876491972608
332195389170143232
332177316077772800
331793001871446016
329837213028335616
329821597974294529
329806148461002752
329788617197248513
329771196130414592
329754185757237249
329734210443173888
329718608194306049
329701753828298753
329682010337587200
329156261784469504
329136495543848960
329118842657861632
329101840807514112
329084970826080257
329064986506829824
329046113439076352
329031105388883970
329012619170181121
328993391482372096
328227243484667905
327560176687263744
327541560675803136
327522800472584192
327506666390183936
327487194065408000
327467835557302272
327452295585488896
327435669276344320
327220851332227072
327203644569174017
327188554679742464
327170577779539969
327154430808043521
327135874859024385
326721862992293890
326394343973863427
326374900141002753
324226534321827842
324210946807562242
324158000552103937
323921823353958401
323857365466222592
323842227606519808
323826527064178689
322144333220417537
321684647257985024
321665351865741312
321307442996707328
319867880969740288
319850140888354817
319517025485606914
319206034851917824
319205464602730496
319204740607135746
319191171794616321
319136215058223105
318807898396438529
318792411142815745
317323098816917504
316621718829551616
316602830142185472
316602455066570752
316240851498070016
314453724674277377
314451836566388736
314418731033956354
314403567287025664
314386192701456384
314087347677446145
314071449168134144
314052272244019201
314036664156708864
313780142323425280
313759928571551745
313743335502262272
313728276344479744
313710185757691905
312295114900910081
312275029515726848
312240781362601984
312221555440644098
311981787167469568
311963823248654337
311895928552435712
311878467803287553
311579962677280768
311528747771756544
311497352680710145
311478435543396352
311459413720432640
311265801879560192
311228392672468993
311209694716899328
311194420869488641
311178112547299328
311169538538475521
309789287019319296
309773789053476864
309736946060644352
309698492744491008
309437443826929664
309420361567571969
309390598132080640
309390447585923072
309384334211690496
309384309209440256
309383781868003329
309368466828320768
309350037039771648
309083908887171072
309063747429859328
309009490731233280
308990748446060544
308974454615183361
308743066330750976
308742800298610688
308719351463305216
308703727219523584
308666210814406656
308610655374692353
308590184545529856
308432522302345216
307506984993820672
307266318539816960
307232523778396162
307216331294507008
307199652581748736
306916133481623552
306915963465506816
306911251798315009
306872084313825280
306858532681170946
306803407186980865
306784665828732928
306780009283080192
306573384953769984
306557812140539905
306488698000797696
306472510902394880
306457225940062208
306439271349358593
306135055502290944
306119637811216384
306084042938392577
306066145272791040
304988842782498816
304717630198128641
304701887305875456
304686745151213569
304649240712462336
304634147622752256
304619024506032128
304385000718098433
304374148191367168
304369166910111745
304350626178011136
304333849062678528
304317862091296768
304317373148708864
304301790214623232
304285788613529600
304266998068699137
303944716838383616
303929548062478336
303909560555544576
303892586144346113
303872422032072704
303671852746801152
303656633811214336
303639761728462848
303628756025745410
303606838019104769
303587778640371712
303568090451562496
303551710104784896
303531998323040257
302173900589125633
302166322178039808
302165062376898564
302154377228066816
302154227969564673
302124770307239936
302124234115796992
302106151485587456
302098404576743424
302095883737112576
302090219228889088
301919924698365953
301909744908656640
301861880346062848
301860217325486080
301840184742391810
301790673177292800
301773896871452673
301755067814514688
301734795942191104
301726041003683840
301472437156081664
301465677536055297
301459190352842752
301455154291564544
301451168410898432
301439267232694272
301419740352626689
301385493541695490
301351465199484929
301138585711702017
301118760046166016
301068943018303488
301033019723112448
301014746247880704
300993162292387840
300992837242212352
300991533669302272
299899709655498752
299653540664713216
299635575143669760
299619618308358144
299613335400370176
299583601782181890
299565593626046464
299557087778844672
299314349263167488
299309457752612864
299292615793319936
299276439071629313
299259758639210496
299240456116637696
299207447774646273
299192064015470592
299175635002216448
299158083123437569
299003469224886272
299001969748623360
298966246785957891
298950991296987136
298934121621757952
298912601839128576
298863175577788417
298843574206881792
298826298913071104
298824111227027456
298818983367426048
298638452751212546
298610920836444160
298590556878168064
298555768171544576
298540439328399362
298522535547527168
298507231173943296
298499150583046144
298486903513165824
298485872024756227
297105246591795200
297099260065894400
297087826460303361
297068098073272321
297050918254411776
297035180026236928
297016120861396992
296995050569748480
296816102330220544
296770405539139584
296721439556526082
296702389153579008
296686545304428547
296669897797271552
296654124810903552
296618731008847872
296610395207135232
296606867642273792
296472382124740608
296393356509061120
296383470610030592
296372316198301696
296351390224220160
296349542658502656
296349183726739458
296348628941938688
296335653489221632
296330367537930240
296315476596912128
296299407882743808
296282263786758144
296282182559862784
296259220951687169
296130004746641408
296127655076564993
296022679100739585
296005477232410625
295955202786349057
295940203967827968
295939888803635200
295939663468838912
295936989436465152
295916486504108033
295213635624640513
294645936213344260
294577949372448769
294574096321224704
294497848752476160
294480789775732736
294219073808646144
294202216078782465
294195443146047488
294195251143385089
294194843540922368
294184620461813760
294169477338259456
294155327870496769
294151770089852928
294114816891695104
293803918553649153
293786604143775744
293769469845729280
293736618295181313
293583323090018307
293583119112605697
293582856977002496
293582378532761600
293582210861264896
293577062357286912
293522382541447168
293501737787080704
293501348782161920
293439809324740608
293411367585710080
293406301902479360
293405000053440513
293379031729070080
293374620600512512
293357917632086016
293342781827584000
293171443863281665
293171269862559744
292421767736205313
292421465624702977
292421156403814400
292397378382725121
292328644431474689
292058403587620865
292039761684725760
291999163384733697
291998990776557568
291991701353033729
291952866795585536
291933722352173056
291916426304946176
291715825294012417
291715534754545664
291708132927885313
291691763792506880
291673191900917760
291653577582190593
291634256906711041
291618189589241856
291598005646282752
291578286432202753
291558115214774274
291554080608903168
291263080363597824
291243800834224129
291227554227032064
291207970287648769
291190135230455808
290986536579760129
290966557444698112
290929491612663808
290909335524110337
290894785068298241
290892367781847040
290874321658843138
290858978815127552
290209720344657921
290148686334414848
289766663400857602
289507857144115200
289495242934218752
289444513724919809
289429304843046913
289413925240467456
289398175968686081
289396566593241088
289393651761692672
289388419048677378
289186128819535872
289185948124708865
289185701776474113
289180813893971968
289065453911932930
289045293603905536
289027960114126848
289015956594909185
288789648870866945
288774537573707776
288755341313851392
288723958726000642
288720462492606465
288702545164124160
288684619891613697
288672997240360961
288647310127280128
288368122401009664
288350120175607808
288333843612704768
288314642789457921
288309464438829057
288303659719196672
287296438730383360
287277087948161025
287258075512053760
287242506578579457
287227582829690881
287032321218080768
287031787291557890
286964949761265665
286962775429873665
286943865162838016
286923578413293568
286890200221745153
286872668609859584
286614381381423104
286612640355196928
286611569251581952
286589125749002240
286569392966348800
286536906253160449
286521464469983232
286505224221384704
284405534893936641
284389372638408705
284373187398082560
284356780048404480
284341243356524544
284321550461702146
284302357813133313
284078438275485696
284063083314425856
284045520790503424
284025719959465984
284010217103052800
281861006433595392
281860671740715008
281860423710543873
281859052391239681
281802440368611328
281800411348869120
281512343479934976
281511015957532673
281478966940950528
281477954213650433
281437403267358720
281415362745081858
281415040052129792
281414761374175233
281413551447490560
281412820891996160
281409139215835136
281408387688841216
281159361844355072
281158890933084160
281101970088001536
281057261382684672
280845910878060544
280830471078805504
280813037747855360
280801517345312768
280796767451234304
280777695053348866
280762368739405824
280747321694756865
280729883523563520
280712375517192192
280087962631421952
280081822531080192
279287909218148353
279280379679096832
279274424878899202
278979052986044416
278959835624652800
278944359016173569
278926155971706880
278905970778861568
278887251314884610
278643245918085120
278627057892720640
278242211446026240
278207522026962945
278204029467774976
278192475494035456
276863741830782977
276857782135820288
276836826499674112
276821019753324544
276800365129760768
276780051037573120
276763784209653760
276763641548771328
276762729128284160
276743697142530048
276730656556449792
276431027738652675
276420274260422656
276123583779061760
276103228553297921
276093547273396224
276086636775895041
276070822962143234
276054036619337728
276037697880092674
276030773381959680
276030077169446912
276028352366788608
276027979442831360
276021321022984192
275778301153378304
275759284539760641
275742297939931136
275732718870994944
275724602808877056
275705313905229824
275687111926104064
275670718568607744
275654281472921600
274664233835323392
274663854728949760
438870867318013952
438869516114616320
438868214559170560
438868026809528322
438865707543982081
438864941043298306
438863613130842112
438849404930252800
438560258382774272
438380402747506689
438377308374958080
438365116887625729
438022388983144448
437673118882992128
437663834677846016
437661289104429057
437652464930541568
437310891827019776
436724069598117888
436708888172175361
436706744484376577
436587976781332480
436587183793643520
436506498114404352
436253666639499264
436248376938475520
435875579468849152
435873335713341440
435863754383687680
432762450958508033
432758491451621376
432748104387792896
432699134223454208
432577841431973889
432323761103065088
432322022446608385
432307478533918721
432303714045403136
432208325879414785
432207015398477824
432179022185783297
432146607744622592
431462366799085568
431458461528756225
431414659715842048
431288133725192192
431243892999348224
430904161580748800
430896369549578240
430896230172872705
430879957275791360
430875828537147393
430868438559387648
430867094092009473
430865626349854721
430752226869391361
430583219507834880
430054240271097856
429808941925933056
429806489432498176
429797981056147457
429782634990817282
429780410315206657
429775223714357248
429760833732636674
429616584483565568
429479189943570433
429477785485062144
439629841743110144
439263796331155457
439220764261113856
438933762584231936
435988848078643200
435988003572297728
434938111588462592
434938043158368256
434931216970551297
434926561632858112
434926488828145664
434926380468273152
434369257552351232
434368051375386625
434343737024450561
434206959638556672
433689653133049856
433678145959378944
433678060634664960
433677879239376896
433624940848230400
433454108226252801
433449920469544960
433424907267874816
432629186901983232
431860992264249345
431858547941310464
431845037417054208
431844956026572800
431844891044225024
431683307923730433
431471004133494784
431302699879919616
431206501835743232
431153177203728384
431144862671323136
431144778986573824
431144666105257984
430763823864090624
430584288031932416
430558133933449216
429861982158598144
429861846623866880
429667987449069568
429667923485921280
429667850182074369
428398591485292544
428318382576771075
428236742034849792
428033586936025090
428016583617691648
428014322543898625
428003166081142784
427889431849078785
427884508839284736
426601810611023872
426601574731747328
426598087583203328
426227555985653760
425505435240521728
425453614451027968
424254233668374529
424249781171412993
424224002475704321
423993438241976321
422861412164046848
422861141765668864
422856958555607040
422522835915902976
422517307672236032
422486488668839937
421674808691023872
420724030102966272
420244277185089537
416391785082929152
416281345787035648
413222224405876736
413206847781216256
413206717510328320
413008171041447937
412859359333335040
412004353126727680
412004264886546432
411920985907273729
411902628574932992
411891565066346496
406905130835927040
402494340934545408
401928796892168192
400747954463457281
400747807520223232
400663644448362496
400137850865188864
399962155434274816
